/*--------------------------------*- C++ -*----------------------------------*\
| =========                 |                                                 |
| \\      /  F ield         | OpenFOAM: The Open Source CFD Toolbox           |
|  \\    /   O peration     | Version:  5.x                                   |
|   \\  /    A nd           | Web:      www.OpenFOAM.org                      |
|    \\/     M anipulation  |                                                 |
\*---------------------------------------------------------------------------*/
FoamFile
{
    version     2.0;
    format      ascii;
    class       faceList;
    location    "constant/polyMesh";
    object      faces;
}
// * * * * * * * * * * * * * * * * * * * * * * * * * * * * * * * * * * * * * //


2105
(
4(2 608 816 210)
4(209 210 816 815)
4(3 609 915 309)
4(210 309 915 816)
4(4 610 1014 408)
4(309 408 1014 915)
4(5 611 1113 507)
4(408 507 1113 1014)
4(507 12 618 1113)
4(210 816 817 211)
4(211 817 814 208)
4(309 915 916 310)
4(310 916 817 211)
4(408 1014 1015 409)
4(409 1015 916 310)
4(507 1113 1114 508)
4(508 1114 1015 409)
4(13 619 1114 508)
4(211 817 818 212)
4(212 818 813 207)
4(310 916 917 311)
4(311 917 818 212)
4(409 1015 1016 410)
4(410 1016 917 311)
4(508 1114 1115 509)
4(509 1115 1016 410)
4(14 620 1115 509)
4(212 818 819 213)
4(213 819 812 206)
4(311 917 918 312)
4(312 918 819 213)
4(410 1016 1017 411)
4(411 1017 918 312)
4(509 1115 1116 510)
4(510 1116 1017 411)
4(15 621 1116 510)
4(213 819 820 214)
4(214 820 811 205)
4(312 918 919 313)
4(313 919 820 214)
4(411 1017 1018 412)
4(412 1018 919 313)
4(510 1116 1117 511)
4(511 1117 1018 412)
4(16 622 1117 511)
4(214 820 821 215)
4(215 821 810 204)
4(313 919 920 314)
4(314 920 821 215)
4(412 1018 1019 413)
4(413 1019 920 314)
4(511 1117 1118 512)
4(512 1118 1019 413)
4(17 623 1118 512)
4(215 821 822 216)
4(216 822 809 203)
4(314 920 921 315)
4(315 921 822 216)
4(413 1019 1020 414)
4(414 1020 921 315)
4(512 1118 1119 513)
4(513 1119 1020 414)
4(18 624 1119 513)
4(216 822 823 217)
4(217 823 808 202)
4(315 921 922 316)
4(316 922 823 217)
4(414 1020 1021 415)
4(415 1021 922 316)
4(513 1119 1120 514)
4(514 1120 1021 415)
4(19 625 1120 514)
4(217 823 824 218)
4(218 824 807 201)
4(316 922 923 317)
4(317 923 824 218)
4(415 1021 1022 416)
4(416 1022 923 317)
4(514 1120 1121 515)
4(515 1121 1022 416)
4(20 626 1121 515)
4(218 824 825 219)
4(219 825 806 200)
4(317 923 924 318)
4(318 924 825 219)
4(416 1022 1023 417)
4(417 1023 924 318)
4(515 1121 1122 516)
4(516 1122 1023 417)
4(21 627 1122 516)
4(219 825 826 220)
4(220 826 805 199)
4(318 924 925 319)
4(319 925 826 220)
4(417 1023 1024 418)
4(418 1024 925 319)
4(516 1122 1123 517)
4(517 1123 1024 418)
4(22 628 1123 517)
4(220 826 827 221)
4(221 827 804 198)
4(319 925 926 320)
4(320 926 827 221)
4(418 1024 1025 419)
4(419 1025 926 320)
4(517 1123 1124 518)
4(518 1124 1025 419)
4(23 629 1124 518)
4(221 827 828 222)
4(222 828 803 197)
4(320 926 927 321)
4(321 927 828 222)
4(419 1025 1026 420)
4(420 1026 927 321)
4(518 1124 1125 519)
4(519 1125 1026 420)
4(24 630 1125 519)
4(222 828 829 223)
4(223 829 802 196)
4(321 927 928 322)
4(322 928 829 223)
4(420 1026 1027 421)
4(421 1027 928 322)
4(519 1125 1126 520)
4(520 1126 1027 421)
4(25 631 1126 520)
4(223 829 830 224)
4(224 830 801 195)
4(322 928 929 323)
4(323 929 830 224)
4(421 1027 1028 422)
4(422 1028 929 323)
4(520 1126 1127 521)
4(521 1127 1028 422)
4(26 632 1127 521)
4(224 830 831 225)
4(225 831 800 194)
4(323 929 930 324)
4(324 930 831 225)
4(422 1028 1029 423)
4(423 1029 930 324)
4(521 1127 1128 522)
4(522 1128 1029 423)
4(27 633 1128 522)
4(225 831 832 226)
4(226 832 799 193)
4(324 930 931 325)
4(325 931 832 226)
4(423 1029 1030 424)
4(424 1030 931 325)
4(522 1128 1129 523)
4(523 1129 1030 424)
4(28 634 1129 523)
4(226 832 833 227)
4(227 833 798 192)
4(325 931 932 326)
4(326 932 833 227)
4(424 1030 1031 425)
4(425 1031 932 326)
4(523 1129 1130 524)
4(524 1130 1031 425)
4(29 635 1130 524)
4(227 833 834 228)
4(228 834 797 191)
4(326 932 933 327)
4(327 933 834 228)
4(425 1031 1032 426)
4(426 1032 933 327)
4(524 1130 1131 525)
4(525 1131 1032 426)
4(30 636 1131 525)
4(228 834 835 229)
4(229 835 796 190)
4(327 933 934 328)
4(328 934 835 229)
4(426 1032 1033 427)
4(427 1033 934 328)
4(525 1131 1132 526)
4(526 1132 1033 427)
4(31 637 1132 526)
4(229 835 836 230)
4(230 836 795 189)
4(328 934 935 329)
4(329 935 836 230)
4(427 1033 1034 428)
4(428 1034 935 329)
4(526 1132 1133 527)
4(527 1133 1034 428)
4(32 638 1133 527)
4(230 836 837 231)
4(231 837 794 188)
4(329 935 936 330)
4(330 936 837 231)
4(428 1034 1035 429)
4(429 1035 936 330)
4(527 1133 1134 528)
4(528 1134 1035 429)
4(33 639 1134 528)
4(231 837 838 232)
4(232 838 793 187)
4(330 936 937 331)
4(331 937 838 232)
4(429 1035 1036 430)
4(430 1036 937 331)
4(528 1134 1135 529)
4(529 1135 1036 430)
4(34 640 1135 529)
4(232 838 839 233)
4(233 839 792 186)
4(331 937 938 332)
4(332 938 839 233)
4(430 1036 1037 431)
4(431 1037 938 332)
4(529 1135 1136 530)
4(530 1136 1037 431)
4(35 641 1136 530)
4(233 839 840 234)
4(234 840 791 185)
4(332 938 939 333)
4(333 939 840 234)
4(431 1037 1038 432)
4(432 1038 939 333)
4(530 1136 1137 531)
4(531 1137 1038 432)
4(36 642 1137 531)
4(234 840 841 235)
4(235 841 790 184)
4(333 939 940 334)
4(334 940 841 235)
4(432 1038 1039 433)
4(433 1039 940 334)
4(531 1137 1138 532)
4(532 1138 1039 433)
4(37 643 1138 532)
4(235 841 842 236)
4(236 842 789 183)
4(334 940 941 335)
4(335 941 842 236)
4(433 1039 1040 434)
4(434 1040 941 335)
4(532 1138 1139 533)
4(533 1139 1040 434)
4(38 644 1139 533)
4(236 842 843 237)
4(237 843 788 182)
4(335 941 942 336)
4(336 942 843 237)
4(434 1040 1041 435)
4(435 1041 942 336)
4(533 1139 1140 534)
4(534 1140 1041 435)
4(39 645 1140 534)
4(237 843 844 238)
4(238 844 787 181)
4(336 942 943 337)
4(337 943 844 238)
4(435 1041 1042 436)
4(436 1042 943 337)
4(534 1140 1141 535)
4(535 1141 1042 436)
4(40 646 1141 535)
4(238 844 845 239)
4(239 845 786 180)
4(337 943 944 338)
4(338 944 845 239)
4(436 1042 1043 437)
4(437 1043 944 338)
4(535 1141 1142 536)
4(536 1142 1043 437)
4(41 647 1142 536)
4(239 845 846 240)
4(240 846 785 179)
4(338 944 945 339)
4(339 945 846 240)
4(437 1043 1044 438)
4(438 1044 945 339)
4(536 1142 1143 537)
4(537 1143 1044 438)
4(42 648 1143 537)
4(240 846 847 241)
4(241 847 784 178)
4(339 945 946 340)
4(340 946 847 241)
4(438 1044 1045 439)
4(439 1045 946 340)
4(537 1143 1144 538)
4(538 1144 1045 439)
4(43 649 1144 538)
4(241 847 848 242)
4(242 848 783 177)
4(340 946 947 341)
4(341 947 848 242)
4(439 1045 1046 440)
4(440 1046 947 341)
4(538 1144 1145 539)
4(539 1145 1046 440)
4(44 650 1145 539)
4(242 848 849 243)
4(243 849 782 176)
4(341 947 948 342)
4(342 948 849 243)
4(440 1046 1047 441)
4(441 1047 948 342)
4(539 1145 1146 540)
4(540 1146 1047 441)
4(45 651 1146 540)
4(243 849 850 244)
4(244 850 781 175)
4(342 948 949 343)
4(343 949 850 244)
4(441 1047 1048 442)
4(442 1048 949 343)
4(540 1146 1147 541)
4(541 1147 1048 442)
4(46 652 1147 541)
4(244 850 851 245)
4(245 851 780 174)
4(343 949 950 344)
4(344 950 851 245)
4(442 1048 1049 443)
4(443 1049 950 344)
4(541 1147 1148 542)
4(542 1148 1049 443)
4(47 653 1148 542)
4(245 851 852 246)
4(246 852 779 173)
4(344 950 951 345)
4(345 951 852 246)
4(443 1049 1050 444)
4(444 1050 951 345)
4(542 1148 1149 543)
4(543 1149 1050 444)
4(48 654 1149 543)
4(246 852 853 247)
4(247 853 778 172)
4(345 951 952 346)
4(346 952 853 247)
4(444 1050 1051 445)
4(445 1051 952 346)
4(543 1149 1150 544)
4(544 1150 1051 445)
4(49 655 1150 544)
4(247 853 854 248)
4(248 854 777 171)
4(346 952 953 347)
4(347 953 854 248)
4(445 1051 1052 446)
4(446 1052 953 347)
4(544 1150 1151 545)
4(545 1151 1052 446)
4(50 656 1151 545)
4(248 854 855 249)
4(249 855 776 170)
4(347 953 954 348)
4(348 954 855 249)
4(446 1052 1053 447)
4(447 1053 954 348)
4(545 1151 1152 546)
4(546 1152 1053 447)
4(51 657 1152 546)
4(249 855 856 250)
4(250 856 775 169)
4(348 954 955 349)
4(349 955 856 250)
4(447 1053 1054 448)
4(448 1054 955 349)
4(546 1152 1153 547)
4(547 1153 1054 448)
4(52 658 1153 547)
4(250 856 857 251)
4(251 857 774 168)
4(349 955 956 350)
4(350 956 857 251)
4(448 1054 1055 449)
4(449 1055 956 350)
4(547 1153 1154 548)
4(548 1154 1055 449)
4(53 659 1154 548)
4(251 857 858 252)
4(252 858 773 167)
4(350 956 957 351)
4(351 957 858 252)
4(449 1055 1056 450)
4(450 1056 957 351)
4(548 1154 1155 549)
4(549 1155 1056 450)
4(54 660 1155 549)
4(252 858 859 253)
4(253 859 772 166)
4(351 957 958 352)
4(352 958 859 253)
4(450 1056 1057 451)
4(451 1057 958 352)
4(549 1155 1156 550)
4(550 1156 1057 451)
4(55 661 1156 550)
4(253 859 860 254)
4(254 860 771 165)
4(352 958 959 353)
4(353 959 860 254)
4(451 1057 1058 452)
4(452 1058 959 353)
4(550 1156 1157 551)
4(551 1157 1058 452)
4(56 662 1157 551)
4(254 860 861 255)
4(255 861 770 164)
4(353 959 960 354)
4(354 960 861 255)
4(452 1058 1059 453)
4(453 1059 960 354)
4(551 1157 1158 552)
4(552 1158 1059 453)
4(57 663 1158 552)
4(255 861 862 256)
4(256 862 769 163)
4(354 960 961 355)
4(355 961 862 256)
4(453 1059 1060 454)
4(454 1060 961 355)
4(552 1158 1159 553)
4(553 1159 1060 454)
4(58 664 1159 553)
4(256 862 863 257)
4(257 863 768 162)
4(355 961 962 356)
4(356 962 863 257)
4(454 1060 1061 455)
4(455 1061 962 356)
4(553 1159 1160 554)
4(554 1160 1061 455)
4(59 665 1160 554)
4(257 863 864 258)
4(258 864 767 161)
4(356 962 963 357)
4(357 963 864 258)
4(455 1061 1062 456)
4(456 1062 963 357)
4(554 1160 1161 555)
4(555 1161 1062 456)
4(60 666 1161 555)
4(258 864 865 259)
4(259 865 766 160)
4(357 963 964 358)
4(358 964 865 259)
4(456 1062 1063 457)
4(457 1063 964 358)
4(555 1161 1162 556)
4(556 1162 1063 457)
4(61 667 1162 556)
4(259 865 866 260)
4(260 866 765 159)
4(358 964 965 359)
4(359 965 866 260)
4(457 1063 1064 458)
4(458 1064 965 359)
4(556 1162 1163 557)
4(557 1163 1064 458)
4(62 668 1163 557)
4(260 866 867 261)
4(261 867 764 158)
4(359 965 966 360)
4(360 966 867 261)
4(458 1064 1065 459)
4(459 1065 966 360)
4(557 1163 1164 558)
4(558 1164 1065 459)
4(63 669 1164 558)
4(261 867 868 262)
4(262 868 763 157)
4(360 966 967 361)
4(361 967 868 262)
4(459 1065 1066 460)
4(460 1066 967 361)
4(558 1164 1165 559)
4(559 1165 1066 460)
4(64 670 1165 559)
4(262 868 869 263)
4(263 869 762 156)
4(361 967 968 362)
4(362 968 869 263)
4(460 1066 1067 461)
4(461 1067 968 362)
4(559 1165 1166 560)
4(560 1166 1067 461)
4(65 671 1166 560)
4(263 869 870 264)
4(264 870 761 155)
4(362 968 969 363)
4(363 969 870 264)
4(461 1067 1068 462)
4(462 1068 969 363)
4(560 1166 1167 561)
4(561 1167 1068 462)
4(66 672 1167 561)
4(264 870 871 265)
4(265 871 760 154)
4(363 969 970 364)
4(364 970 871 265)
4(462 1068 1069 463)
4(463 1069 970 364)
4(561 1167 1168 562)
4(562 1168 1069 463)
4(67 673 1168 562)
4(265 871 872 266)
4(266 872 759 153)
4(364 970 971 365)
4(365 971 872 266)
4(463 1069 1070 464)
4(464 1070 971 365)
4(562 1168 1169 563)
4(563 1169 1070 464)
4(68 674 1169 563)
4(266 872 873 267)
4(267 873 758 152)
4(365 971 972 366)
4(366 972 873 267)
4(464 1070 1071 465)
4(465 1071 972 366)
4(563 1169 1170 564)
4(564 1170 1071 465)
4(69 675 1170 564)
4(267 873 874 268)
4(268 874 757 151)
4(366 972 973 367)
4(367 973 874 268)
4(465 1071 1072 466)
4(466 1072 973 367)
4(564 1170 1171 565)
4(565 1171 1072 466)
4(70 676 1171 565)
4(268 874 875 269)
4(269 875 756 150)
4(367 973 974 368)
4(368 974 875 269)
4(466 1072 1073 467)
4(467 1073 974 368)
4(565 1171 1172 566)
4(566 1172 1073 467)
4(71 677 1172 566)
4(269 875 876 270)
4(270 876 755 149)
4(368 974 975 369)
4(369 975 876 270)
4(467 1073 1074 468)
4(468 1074 975 369)
4(566 1172 1173 567)
4(567 1173 1074 468)
4(72 678 1173 567)
4(270 876 877 271)
4(271 877 754 148)
4(369 975 976 370)
4(370 976 877 271)
4(468 1074 1075 469)
4(469 1075 976 370)
4(567 1173 1174 568)
4(568 1174 1075 469)
4(73 679 1174 568)
4(271 877 878 272)
4(272 878 753 147)
4(370 976 977 371)
4(371 977 878 272)
4(469 1075 1076 470)
4(470 1076 977 371)
4(568 1174 1175 569)
4(569 1175 1076 470)
4(74 680 1175 569)
4(272 878 879 273)
4(273 879 752 146)
4(371 977 978 372)
4(372 978 879 273)
4(470 1076 1077 471)
4(471 1077 978 372)
4(569 1175 1176 570)
4(570 1176 1077 471)
4(75 681 1176 570)
4(273 879 880 274)
4(274 880 751 145)
4(372 978 979 373)
4(373 979 880 274)
4(471 1077 1078 472)
4(472 1078 979 373)
4(570 1176 1177 571)
4(571 1177 1078 472)
4(76 682 1177 571)
4(274 880 881 275)
4(275 881 750 144)
4(373 979 980 374)
4(374 980 881 275)
4(472 1078 1079 473)
4(473 1079 980 374)
4(571 1177 1178 572)
4(572 1178 1079 473)
4(77 683 1178 572)
4(275 881 882 276)
4(276 882 749 143)
4(374 980 981 375)
4(375 981 882 276)
4(473 1079 1080 474)
4(474 1080 981 375)
4(572 1178 1179 573)
4(573 1179 1080 474)
4(78 684 1179 573)
4(276 882 883 277)
4(277 883 748 142)
4(375 981 982 376)
4(376 982 883 277)
4(474 1080 1081 475)
4(475 1081 982 376)
4(573 1179 1180 574)
4(574 1180 1081 475)
4(79 685 1180 574)
4(277 883 884 278)
4(278 884 747 141)
4(376 982 983 377)
4(377 983 884 278)
4(475 1081 1082 476)
4(476 1082 983 377)
4(574 1180 1181 575)
4(575 1181 1082 476)
4(80 686 1181 575)
4(278 884 885 279)
4(279 885 746 140)
4(377 983 984 378)
4(378 984 885 279)
4(476 1082 1083 477)
4(477 1083 984 378)
4(575 1181 1182 576)
4(576 1182 1083 477)
4(81 687 1182 576)
4(279 885 886 280)
4(280 886 745 139)
4(378 984 985 379)
4(379 985 886 280)
4(477 1083 1084 478)
4(478 1084 985 379)
4(576 1182 1183 577)
4(577 1183 1084 478)
4(82 688 1183 577)
4(280 886 887 281)
4(281 887 744 138)
4(379 985 986 380)
4(380 986 887 281)
4(478 1084 1085 479)
4(479 1085 986 380)
4(577 1183 1184 578)
4(578 1184 1085 479)
4(83 689 1184 578)
4(281 887 888 282)
4(282 888 743 137)
4(380 986 987 381)
4(381 987 888 282)
4(479 1085 1086 480)
4(480 1086 987 381)
4(578 1184 1185 579)
4(579 1185 1086 480)
4(84 690 1185 579)
4(282 888 889 283)
4(283 889 742 136)
4(381 987 988 382)
4(382 988 889 283)
4(480 1086 1087 481)
4(481 1087 988 382)
4(579 1185 1186 580)
4(580 1186 1087 481)
4(85 691 1186 580)
4(283 889 890 284)
4(284 890 741 135)
4(382 988 989 383)
4(383 989 890 284)
4(481 1087 1088 482)
4(482 1088 989 383)
4(580 1186 1187 581)
4(581 1187 1088 482)
4(86 692 1187 581)
4(284 890 891 285)
4(285 891 740 134)
4(383 989 990 384)
4(384 990 891 285)
4(482 1088 1089 483)
4(483 1089 990 384)
4(581 1187 1188 582)
4(582 1188 1089 483)
4(87 693 1188 582)
4(285 891 892 286)
4(286 892 739 133)
4(384 990 991 385)
4(385 991 892 286)
4(483 1089 1090 484)
4(484 1090 991 385)
4(582 1188 1189 583)
4(583 1189 1090 484)
4(88 694 1189 583)
4(286 892 893 287)
4(287 893 738 132)
4(385 991 992 386)
4(386 992 893 287)
4(484 1090 1091 485)
4(485 1091 992 386)
4(583 1189 1190 584)
4(584 1190 1091 485)
4(89 695 1190 584)
4(287 893 894 288)
4(288 894 737 131)
4(386 992 993 387)
4(387 993 894 288)
4(485 1091 1092 486)
4(486 1092 993 387)
4(584 1190 1191 585)
4(585 1191 1092 486)
4(90 696 1191 585)
4(288 894 895 289)
4(289 895 736 130)
4(387 993 994 388)
4(388 994 895 289)
4(486 1092 1093 487)
4(487 1093 994 388)
4(585 1191 1192 586)
4(586 1192 1093 487)
4(91 697 1192 586)
4(289 895 896 290)
4(290 896 735 129)
4(388 994 995 389)
4(389 995 896 290)
4(487 1093 1094 488)
4(488 1094 995 389)
4(586 1192 1193 587)
4(587 1193 1094 488)
4(92 698 1193 587)
4(290 896 897 291)
4(291 897 734 128)
4(389 995 996 390)
4(390 996 897 291)
4(488 1094 1095 489)
4(489 1095 996 390)
4(587 1193 1194 588)
4(588 1194 1095 489)
4(93 699 1194 588)
4(291 897 898 292)
4(292 898 733 127)
4(390 996 997 391)
4(391 997 898 292)
4(489 1095 1096 490)
4(490 1096 997 391)
4(588 1194 1195 589)
4(589 1195 1096 490)
4(94 700 1195 589)
4(292 898 899 293)
4(293 899 732 126)
4(391 997 998 392)
4(392 998 899 293)
4(490 1096 1097 491)
4(491 1097 998 392)
4(589 1195 1196 590)
4(590 1196 1097 491)
4(95 701 1196 590)
4(293 899 900 294)
4(294 900 731 125)
4(392 998 999 393)
4(393 999 900 294)
4(491 1097 1098 492)
4(492 1098 999 393)
4(590 1196 1197 591)
4(591 1197 1098 492)
4(96 702 1197 591)
4(294 900 901 295)
4(295 901 730 124)
4(393 999 1000 394)
4(394 1000 901 295)
4(492 1098 1099 493)
4(493 1099 1000 394)
4(591 1197 1198 592)
4(592 1198 1099 493)
4(97 703 1198 592)
4(295 901 902 296)
4(296 902 729 123)
4(394 1000 1001 395)
4(395 1001 902 296)
4(493 1099 1100 494)
4(494 1100 1001 395)
4(592 1198 1199 593)
4(593 1199 1100 494)
4(98 704 1199 593)
4(296 902 903 297)
4(297 903 728 122)
4(395 1001 1002 396)
4(396 1002 903 297)
4(494 1100 1101 495)
4(495 1101 1002 396)
4(593 1199 1200 594)
4(594 1200 1101 495)
4(99 705 1200 594)
4(297 903 904 298)
4(298 904 727 121)
4(396 1002 1003 397)
4(397 1003 904 298)
4(495 1101 1102 496)
4(496 1102 1003 397)
4(594 1200 1201 595)
4(595 1201 1102 496)
4(100 706 1201 595)
4(298 904 905 299)
4(299 905 726 120)
4(397 1003 1004 398)
4(398 1004 905 299)
4(496 1102 1103 497)
4(497 1103 1004 398)
4(595 1201 1202 596)
4(596 1202 1103 497)
4(101 707 1202 596)
4(299 905 906 300)
4(300 906 725 119)
4(398 1004 1005 399)
4(399 1005 906 300)
4(497 1103 1104 498)
4(498 1104 1005 399)
4(596 1202 1203 597)
4(597 1203 1104 498)
4(102 708 1203 597)
4(300 906 907 301)
4(301 907 724 118)
4(399 1005 1006 400)
4(400 1006 907 301)
4(498 1104 1105 499)
4(499 1105 1006 400)
4(597 1203 1204 598)
4(598 1204 1105 499)
4(103 709 1204 598)
4(301 907 908 302)
4(302 908 723 117)
4(400 1006 1007 401)
4(401 1007 908 302)
4(499 1105 1106 500)
4(500 1106 1007 401)
4(598 1204 1205 599)
4(599 1205 1106 500)
4(104 710 1205 599)
4(302 908 909 303)
4(303 909 722 116)
4(401 1007 1008 402)
4(402 1008 909 303)
4(500 1106 1107 501)
4(501 1107 1008 402)
4(599 1205 1206 600)
4(600 1206 1107 501)
4(105 711 1206 600)
4(303 909 910 304)
4(304 910 721 115)
4(402 1008 1009 403)
4(403 1009 910 304)
4(501 1107 1108 502)
4(502 1108 1009 403)
4(600 1206 1207 601)
4(601 1207 1108 502)
4(106 712 1207 601)
4(304 910 911 305)
4(305 911 720 114)
4(403 1009 1010 404)
4(404 1010 911 305)
4(502 1108 1109 503)
4(503 1109 1010 404)
4(601 1207 1208 602)
4(602 1208 1109 503)
4(107 713 1208 602)
4(305 911 912 306)
4(306 912 719 113)
4(404 1010 1011 405)
4(405 1011 912 306)
4(503 1109 1110 504)
4(504 1110 1011 405)
4(602 1208 1209 603)
4(603 1209 1110 504)
4(108 714 1209 603)
4(306 912 913 307)
4(307 913 718 112)
4(405 1011 1012 406)
4(406 1012 913 307)
4(504 1110 1111 505)
4(505 1111 1012 406)
4(603 1209 1210 604)
4(604 1210 1111 505)
4(109 715 1210 604)
4(307 913 914 308)
4(308 914 717 111)
4(406 1012 1013 407)
4(407 1013 914 308)
4(505 1111 1112 506)
4(506 1112 1013 407)
4(604 1210 1211 605)
4(605 1211 1112 506)
4(110 716 1211 605)
4(308 914 617 11)
4(407 1013 616 10)
4(506 1112 615 9)
4(605 1211 614 8)
4(0 209 815 606)
4(209 208 814 815)
4(208 207 813 814)
4(207 206 812 813)
4(206 205 811 812)
4(205 204 810 811)
4(204 203 809 810)
4(203 202 808 809)
4(202 201 807 808)
4(201 200 806 807)
4(200 199 805 806)
4(199 198 804 805)
4(198 197 803 804)
4(197 196 802 803)
4(196 195 801 802)
4(195 194 800 801)
4(194 193 799 800)
4(193 192 798 799)
4(192 191 797 798)
4(191 190 796 797)
4(190 189 795 796)
4(189 188 794 795)
4(188 187 793 794)
4(187 186 792 793)
4(186 185 791 792)
4(185 184 790 791)
4(184 183 789 790)
4(183 182 788 789)
4(182 181 787 788)
4(181 180 786 787)
4(180 179 785 786)
4(179 178 784 785)
4(178 177 783 784)
4(177 176 782 783)
4(176 175 781 782)
4(175 174 780 781)
4(174 173 779 780)
4(173 172 778 779)
4(172 171 777 778)
4(171 170 776 777)
4(170 169 775 776)
4(169 168 774 775)
4(168 167 773 774)
4(167 166 772 773)
4(166 165 771 772)
4(165 164 770 771)
4(164 163 769 770)
4(163 162 768 769)
4(162 161 767 768)
4(161 160 766 767)
4(160 159 765 766)
4(159 158 764 765)
4(158 157 763 764)
4(157 156 762 763)
4(156 155 761 762)
4(155 154 760 761)
4(154 153 759 760)
4(153 152 758 759)
4(152 151 757 758)
4(151 150 756 757)
4(150 149 755 756)
4(149 148 754 755)
4(148 147 753 754)
4(147 146 752 753)
4(146 145 751 752)
4(145 144 750 751)
4(144 143 749 750)
4(143 142 748 749)
4(142 141 747 748)
4(141 140 746 747)
4(140 139 745 746)
4(139 138 744 745)
4(138 137 743 744)
4(137 136 742 743)
4(136 135 741 742)
4(135 134 740 741)
4(134 133 739 740)
4(133 132 738 739)
4(132 131 737 738)
4(131 130 736 737)
4(130 129 735 736)
4(129 128 734 735)
4(128 127 733 734)
4(127 126 732 733)
4(126 125 731 732)
4(125 124 730 731)
4(124 123 729 730)
4(123 122 728 729)
4(122 121 727 728)
4(121 120 726 727)
4(120 119 725 726)
4(119 118 724 725)
4(118 117 723 724)
4(117 116 722 723)
4(116 115 721 722)
4(115 114 720 721)
4(114 113 719 720)
4(113 112 718 719)
4(112 111 717 718)
4(111 7 613 717)
4(11 617 613 7)
4(10 616 617 11)
4(9 615 616 10)
4(8 614 615 9)
4(6 612 614 8)
4(1 607 618 12)
4(12 618 619 13)
4(13 619 620 14)
4(14 620 621 15)
4(15 621 622 16)
4(16 622 623 17)
4(17 623 624 18)
4(18 624 625 19)
4(19 625 626 20)
4(20 626 627 21)
4(21 627 628 22)
4(22 628 629 23)
4(23 629 630 24)
4(24 630 631 25)
4(25 631 632 26)
4(26 632 633 27)
4(27 633 634 28)
4(28 634 635 29)
4(29 635 636 30)
4(30 636 637 31)
4(31 637 638 32)
4(32 638 639 33)
4(33 639 640 34)
4(34 640 641 35)
4(35 641 642 36)
4(36 642 643 37)
4(37 643 644 38)
4(38 644 645 39)
4(39 645 646 40)
4(40 646 647 41)
4(41 647 648 42)
4(42 648 649 43)
4(43 649 650 44)
4(44 650 651 45)
4(45 651 652 46)
4(46 652 653 47)
4(47 653 654 48)
4(48 654 655 49)
4(49 655 656 50)
4(50 656 657 51)
4(51 657 658 52)
4(52 658 659 53)
4(53 659 660 54)
4(54 660 661 55)
4(55 661 662 56)
4(56 662 663 57)
4(57 663 664 58)
4(58 664 665 59)
4(59 665 666 60)
4(60 666 667 61)
4(61 667 668 62)
4(62 668 669 63)
4(63 669 670 64)
4(64 670 671 65)
4(65 671 672 66)
4(66 672 673 67)
4(67 673 674 68)
4(68 674 675 69)
4(69 675 676 70)
4(70 676 677 71)
4(71 677 678 72)
4(72 678 679 73)
4(73 679 680 74)
4(74 680 681 75)
4(75 681 682 76)
4(76 682 683 77)
4(77 683 684 78)
4(78 684 685 79)
4(79 685 686 80)
4(80 686 687 81)
4(81 687 688 82)
4(82 688 689 83)
4(83 689 690 84)
4(84 690 691 85)
4(85 691 692 86)
4(86 692 693 87)
4(87 693 694 88)
4(88 694 695 89)
4(89 695 696 90)
4(90 696 697 91)
4(91 697 698 92)
4(92 698 699 93)
4(93 699 700 94)
4(94 700 701 95)
4(95 701 702 96)
4(96 702 703 97)
4(97 703 704 98)
4(98 704 705 99)
4(99 705 706 100)
4(100 706 707 101)
4(101 707 708 102)
4(102 708 709 103)
4(103 709 710 104)
4(104 710 711 105)
4(105 711 712 106)
4(106 712 713 107)
4(107 713 714 108)
4(108 714 715 109)
4(109 715 716 110)
4(110 716 612 6)
4(0 606 608 2)
4(2 608 609 3)
4(3 609 610 4)
4(4 610 611 5)
4(5 611 607 1)
4(0 2 210 209)
4(606 815 816 608)
4(2 3 309 210)
4(608 816 915 609)
4(3 4 408 309)
4(609 915 1014 610)
4(4 5 507 408)
4(610 1014 1113 611)
4(5 1 12 507)
4(611 1113 618 607)
4(210 211 208 209)
4(816 815 814 817)
4(309 310 211 210)
4(915 816 817 916)
4(408 409 310 309)
4(1014 915 916 1015)
4(507 508 409 408)
4(1113 1014 1015 1114)
4(12 13 508 507)
4(618 1113 1114 619)
4(211 212 207 208)
4(817 814 813 818)
4(310 311 212 211)
4(916 817 818 917)
4(409 410 311 310)
4(1015 916 917 1016)
4(508 509 410 409)
4(1114 1015 1016 1115)
4(13 14 509 508)
4(619 1114 1115 620)
4(212 213 206 207)
4(818 813 812 819)
4(311 312 213 212)
4(917 818 819 918)
4(410 411 312 311)
4(1016 917 918 1017)
4(509 510 411 410)
4(1115 1016 1017 1116)
4(14 15 510 509)
4(620 1115 1116 621)
4(213 214 205 206)
4(819 812 811 820)
4(312 313 214 213)
4(918 819 820 919)
4(411 412 313 312)
4(1017 918 919 1018)
4(510 511 412 411)
4(1116 1017 1018 1117)
4(15 16 511 510)
4(621 1116 1117 622)
4(214 215 204 205)
4(820 811 810 821)
4(313 314 215 214)
4(919 820 821 920)
4(412 413 314 313)
4(1018 919 920 1019)
4(511 512 413 412)
4(1117 1018 1019 1118)
4(16 17 512 511)
4(622 1117 1118 623)
4(215 216 203 204)
4(821 810 809 822)
4(314 315 216 215)
4(920 821 822 921)
4(413 414 315 314)
4(1019 920 921 1020)
4(512 513 414 413)
4(1118 1019 1020 1119)
4(17 18 513 512)
4(623 1118 1119 624)
4(216 217 202 203)
4(822 809 808 823)
4(315 316 217 216)
4(921 822 823 922)
4(414 415 316 315)
4(1020 921 922 1021)
4(513 514 415 414)
4(1119 1020 1021 1120)
4(18 19 514 513)
4(624 1119 1120 625)
4(217 218 201 202)
4(823 808 807 824)
4(316 317 218 217)
4(922 823 824 923)
4(415 416 317 316)
4(1021 922 923 1022)
4(514 515 416 415)
4(1120 1021 1022 1121)
4(19 20 515 514)
4(625 1120 1121 626)
4(218 219 200 201)
4(824 807 806 825)
4(317 318 219 218)
4(923 824 825 924)
4(416 417 318 317)
4(1022 923 924 1023)
4(515 516 417 416)
4(1121 1022 1023 1122)
4(20 21 516 515)
4(626 1121 1122 627)
4(219 220 199 200)
4(825 806 805 826)
4(318 319 220 219)
4(924 825 826 925)
4(417 418 319 318)
4(1023 924 925 1024)
4(516 517 418 417)
4(1122 1023 1024 1123)
4(21 22 517 516)
4(627 1122 1123 628)
4(220 221 198 199)
4(826 805 804 827)
4(319 320 221 220)
4(925 826 827 926)
4(418 419 320 319)
4(1024 925 926 1025)
4(517 518 419 418)
4(1123 1024 1025 1124)
4(22 23 518 517)
4(628 1123 1124 629)
4(221 222 197 198)
4(827 804 803 828)
4(320 321 222 221)
4(926 827 828 927)
4(419 420 321 320)
4(1025 926 927 1026)
4(518 519 420 419)
4(1124 1025 1026 1125)
4(23 24 519 518)
4(629 1124 1125 630)
4(222 223 196 197)
4(828 803 802 829)
4(321 322 223 222)
4(927 828 829 928)
4(420 421 322 321)
4(1026 927 928 1027)
4(519 520 421 420)
4(1125 1026 1027 1126)
4(24 25 520 519)
4(630 1125 1126 631)
4(223 224 195 196)
4(829 802 801 830)
4(322 323 224 223)
4(928 829 830 929)
4(421 422 323 322)
4(1027 928 929 1028)
4(520 521 422 421)
4(1126 1027 1028 1127)
4(25 26 521 520)
4(631 1126 1127 632)
4(224 225 194 195)
4(830 801 800 831)
4(323 324 225 224)
4(929 830 831 930)
4(422 423 324 323)
4(1028 929 930 1029)
4(521 522 423 422)
4(1127 1028 1029 1128)
4(26 27 522 521)
4(632 1127 1128 633)
4(225 226 193 194)
4(831 800 799 832)
4(324 325 226 225)
4(930 831 832 931)
4(423 424 325 324)
4(1029 930 931 1030)
4(522 523 424 423)
4(1128 1029 1030 1129)
4(27 28 523 522)
4(633 1128 1129 634)
4(226 227 192 193)
4(832 799 798 833)
4(325 326 227 226)
4(931 832 833 932)
4(424 425 326 325)
4(1030 931 932 1031)
4(523 524 425 424)
4(1129 1030 1031 1130)
4(28 29 524 523)
4(634 1129 1130 635)
4(227 228 191 192)
4(833 798 797 834)
4(326 327 228 227)
4(932 833 834 933)
4(425 426 327 326)
4(1031 932 933 1032)
4(524 525 426 425)
4(1130 1031 1032 1131)
4(29 30 525 524)
4(635 1130 1131 636)
4(228 229 190 191)
4(834 797 796 835)
4(327 328 229 228)
4(933 834 835 934)
4(426 427 328 327)
4(1032 933 934 1033)
4(525 526 427 426)
4(1131 1032 1033 1132)
4(30 31 526 525)
4(636 1131 1132 637)
4(229 230 189 190)
4(835 796 795 836)
4(328 329 230 229)
4(934 835 836 935)
4(427 428 329 328)
4(1033 934 935 1034)
4(526 527 428 427)
4(1132 1033 1034 1133)
4(31 32 527 526)
4(637 1132 1133 638)
4(230 231 188 189)
4(836 795 794 837)
4(329 330 231 230)
4(935 836 837 936)
4(428 429 330 329)
4(1034 935 936 1035)
4(527 528 429 428)
4(1133 1034 1035 1134)
4(32 33 528 527)
4(638 1133 1134 639)
4(231 232 187 188)
4(837 794 793 838)
4(330 331 232 231)
4(936 837 838 937)
4(429 430 331 330)
4(1035 936 937 1036)
4(528 529 430 429)
4(1134 1035 1036 1135)
4(33 34 529 528)
4(639 1134 1135 640)
4(232 233 186 187)
4(838 793 792 839)
4(331 332 233 232)
4(937 838 839 938)
4(430 431 332 331)
4(1036 937 938 1037)
4(529 530 431 430)
4(1135 1036 1037 1136)
4(34 35 530 529)
4(640 1135 1136 641)
4(233 234 185 186)
4(839 792 791 840)
4(332 333 234 233)
4(938 839 840 939)
4(431 432 333 332)
4(1037 938 939 1038)
4(530 531 432 431)
4(1136 1037 1038 1137)
4(35 36 531 530)
4(641 1136 1137 642)
4(234 235 184 185)
4(840 791 790 841)
4(333 334 235 234)
4(939 840 841 940)
4(432 433 334 333)
4(1038 939 940 1039)
4(531 532 433 432)
4(1137 1038 1039 1138)
4(36 37 532 531)
4(642 1137 1138 643)
4(235 236 183 184)
4(841 790 789 842)
4(334 335 236 235)
4(940 841 842 941)
4(433 434 335 334)
4(1039 940 941 1040)
4(532 533 434 433)
4(1138 1039 1040 1139)
4(37 38 533 532)
4(643 1138 1139 644)
4(236 237 182 183)
4(842 789 788 843)
4(335 336 237 236)
4(941 842 843 942)
4(434 435 336 335)
4(1040 941 942 1041)
4(533 534 435 434)
4(1139 1040 1041 1140)
4(38 39 534 533)
4(644 1139 1140 645)
4(237 238 181 182)
4(843 788 787 844)
4(336 337 238 237)
4(942 843 844 943)
4(435 436 337 336)
4(1041 942 943 1042)
4(534 535 436 435)
4(1140 1041 1042 1141)
4(39 40 535 534)
4(645 1140 1141 646)
4(238 239 180 181)
4(844 787 786 845)
4(337 338 239 238)
4(943 844 845 944)
4(436 437 338 337)
4(1042 943 944 1043)
4(535 536 437 436)
4(1141 1042 1043 1142)
4(40 41 536 535)
4(646 1141 1142 647)
4(239 240 179 180)
4(845 786 785 846)
4(338 339 240 239)
4(944 845 846 945)
4(437 438 339 338)
4(1043 944 945 1044)
4(536 537 438 437)
4(1142 1043 1044 1143)
4(41 42 537 536)
4(647 1142 1143 648)
4(240 241 178 179)
4(846 785 784 847)
4(339 340 241 240)
4(945 846 847 946)
4(438 439 340 339)
4(1044 945 946 1045)
4(537 538 439 438)
4(1143 1044 1045 1144)
4(42 43 538 537)
4(648 1143 1144 649)
4(241 242 177 178)
4(847 784 783 848)
4(340 341 242 241)
4(946 847 848 947)
4(439 440 341 340)
4(1045 946 947 1046)
4(538 539 440 439)
4(1144 1045 1046 1145)
4(43 44 539 538)
4(649 1144 1145 650)
4(242 243 176 177)
4(848 783 782 849)
4(341 342 243 242)
4(947 848 849 948)
4(440 441 342 341)
4(1046 947 948 1047)
4(539 540 441 440)
4(1145 1046 1047 1146)
4(44 45 540 539)
4(650 1145 1146 651)
4(243 244 175 176)
4(849 782 781 850)
4(342 343 244 243)
4(948 849 850 949)
4(441 442 343 342)
4(1047 948 949 1048)
4(540 541 442 441)
4(1146 1047 1048 1147)
4(45 46 541 540)
4(651 1146 1147 652)
4(244 245 174 175)
4(850 781 780 851)
4(343 344 245 244)
4(949 850 851 950)
4(442 443 344 343)
4(1048 949 950 1049)
4(541 542 443 442)
4(1147 1048 1049 1148)
4(46 47 542 541)
4(652 1147 1148 653)
4(245 246 173 174)
4(851 780 779 852)
4(344 345 246 245)
4(950 851 852 951)
4(443 444 345 344)
4(1049 950 951 1050)
4(542 543 444 443)
4(1148 1049 1050 1149)
4(47 48 543 542)
4(653 1148 1149 654)
4(246 247 172 173)
4(852 779 778 853)
4(345 346 247 246)
4(951 852 853 952)
4(444 445 346 345)
4(1050 951 952 1051)
4(543 544 445 444)
4(1149 1050 1051 1150)
4(48 49 544 543)
4(654 1149 1150 655)
4(247 248 171 172)
4(853 778 777 854)
4(346 347 248 247)
4(952 853 854 953)
4(445 446 347 346)
4(1051 952 953 1052)
4(544 545 446 445)
4(1150 1051 1052 1151)
4(49 50 545 544)
4(655 1150 1151 656)
4(248 249 170 171)
4(854 777 776 855)
4(347 348 249 248)
4(953 854 855 954)
4(446 447 348 347)
4(1052 953 954 1053)
4(545 546 447 446)
4(1151 1052 1053 1152)
4(50 51 546 545)
4(656 1151 1152 657)
4(249 250 169 170)
4(855 776 775 856)
4(348 349 250 249)
4(954 855 856 955)
4(447 448 349 348)
4(1053 954 955 1054)
4(546 547 448 447)
4(1152 1053 1054 1153)
4(51 52 547 546)
4(657 1152 1153 658)
4(250 251 168 169)
4(856 775 774 857)
4(349 350 251 250)
4(955 856 857 956)
4(448 449 350 349)
4(1054 955 956 1055)
4(547 548 449 448)
4(1153 1054 1055 1154)
4(52 53 548 547)
4(658 1153 1154 659)
4(251 252 167 168)
4(857 774 773 858)
4(350 351 252 251)
4(956 857 858 957)
4(449 450 351 350)
4(1055 956 957 1056)
4(548 549 450 449)
4(1154 1055 1056 1155)
4(53 54 549 548)
4(659 1154 1155 660)
4(252 253 166 167)
4(858 773 772 859)
4(351 352 253 252)
4(957 858 859 958)
4(450 451 352 351)
4(1056 957 958 1057)
4(549 550 451 450)
4(1155 1056 1057 1156)
4(54 55 550 549)
4(660 1155 1156 661)
4(253 254 165 166)
4(859 772 771 860)
4(352 353 254 253)
4(958 859 860 959)
4(451 452 353 352)
4(1057 958 959 1058)
4(550 551 452 451)
4(1156 1057 1058 1157)
4(55 56 551 550)
4(661 1156 1157 662)
4(254 255 164 165)
4(860 771 770 861)
4(353 354 255 254)
4(959 860 861 960)
4(452 453 354 353)
4(1058 959 960 1059)
4(551 552 453 452)
4(1157 1058 1059 1158)
4(56 57 552 551)
4(662 1157 1158 663)
4(255 256 163 164)
4(861 770 769 862)
4(354 355 256 255)
4(960 861 862 961)
4(453 454 355 354)
4(1059 960 961 1060)
4(552 553 454 453)
4(1158 1059 1060 1159)
4(57 58 553 552)
4(663 1158 1159 664)
4(256 257 162 163)
4(862 769 768 863)
4(355 356 257 256)
4(961 862 863 962)
4(454 455 356 355)
4(1060 961 962 1061)
4(553 554 455 454)
4(1159 1060 1061 1160)
4(58 59 554 553)
4(664 1159 1160 665)
4(257 258 161 162)
4(863 768 767 864)
4(356 357 258 257)
4(962 863 864 963)
4(455 456 357 356)
4(1061 962 963 1062)
4(554 555 456 455)
4(1160 1061 1062 1161)
4(59 60 555 554)
4(665 1160 1161 666)
4(258 259 160 161)
4(864 767 766 865)
4(357 358 259 258)
4(963 864 865 964)
4(456 457 358 357)
4(1062 963 964 1063)
4(555 556 457 456)
4(1161 1062 1063 1162)
4(60 61 556 555)
4(666 1161 1162 667)
4(259 260 159 160)
4(865 766 765 866)
4(358 359 260 259)
4(964 865 866 965)
4(457 458 359 358)
4(1063 964 965 1064)
4(556 557 458 457)
4(1162 1063 1064 1163)
4(61 62 557 556)
4(667 1162 1163 668)
4(260 261 158 159)
4(866 765 764 867)
4(359 360 261 260)
4(965 866 867 966)
4(458 459 360 359)
4(1064 965 966 1065)
4(557 558 459 458)
4(1163 1064 1065 1164)
4(62 63 558 557)
4(668 1163 1164 669)
4(261 262 157 158)
4(867 764 763 868)
4(360 361 262 261)
4(966 867 868 967)
4(459 460 361 360)
4(1065 966 967 1066)
4(558 559 460 459)
4(1164 1065 1066 1165)
4(63 64 559 558)
4(669 1164 1165 670)
4(262 263 156 157)
4(868 763 762 869)
4(361 362 263 262)
4(967 868 869 968)
4(460 461 362 361)
4(1066 967 968 1067)
4(559 560 461 460)
4(1165 1066 1067 1166)
4(64 65 560 559)
4(670 1165 1166 671)
4(263 264 155 156)
4(869 762 761 870)
4(362 363 264 263)
4(968 869 870 969)
4(461 462 363 362)
4(1067 968 969 1068)
4(560 561 462 461)
4(1166 1067 1068 1167)
4(65 66 561 560)
4(671 1166 1167 672)
4(264 265 154 155)
4(870 761 760 871)
4(363 364 265 264)
4(969 870 871 970)
4(462 463 364 363)
4(1068 969 970 1069)
4(561 562 463 462)
4(1167 1068 1069 1168)
4(66 67 562 561)
4(672 1167 1168 673)
4(265 266 153 154)
4(871 760 759 872)
4(364 365 266 265)
4(970 871 872 971)
4(463 464 365 364)
4(1069 970 971 1070)
4(562 563 464 463)
4(1168 1069 1070 1169)
4(67 68 563 562)
4(673 1168 1169 674)
4(266 267 152 153)
4(872 759 758 873)
4(365 366 267 266)
4(971 872 873 972)
4(464 465 366 365)
4(1070 971 972 1071)
4(563 564 465 464)
4(1169 1070 1071 1170)
4(68 69 564 563)
4(674 1169 1170 675)
4(267 268 151 152)
4(873 758 757 874)
4(366 367 268 267)
4(972 873 874 973)
4(465 466 367 366)
4(1071 972 973 1072)
4(564 565 466 465)
4(1170 1071 1072 1171)
4(69 70 565 564)
4(675 1170 1171 676)
4(268 269 150 151)
4(874 757 756 875)
4(367 368 269 268)
4(973 874 875 974)
4(466 467 368 367)
4(1072 973 974 1073)
4(565 566 467 466)
4(1171 1072 1073 1172)
4(70 71 566 565)
4(676 1171 1172 677)
4(269 270 149 150)
4(875 756 755 876)
4(368 369 270 269)
4(974 875 876 975)
4(467 468 369 368)
4(1073 974 975 1074)
4(566 567 468 467)
4(1172 1073 1074 1173)
4(71 72 567 566)
4(677 1172 1173 678)
4(270 271 148 149)
4(876 755 754 877)
4(369 370 271 270)
4(975 876 877 976)
4(468 469 370 369)
4(1074 975 976 1075)
4(567 568 469 468)
4(1173 1074 1075 1174)
4(72 73 568 567)
4(678 1173 1174 679)
4(271 272 147 148)
4(877 754 753 878)
4(370 371 272 271)
4(976 877 878 977)
4(469 470 371 370)
4(1075 976 977 1076)
4(568 569 470 469)
4(1174 1075 1076 1175)
4(73 74 569 568)
4(679 1174 1175 680)
4(272 273 146 147)
4(878 753 752 879)
4(371 372 273 272)
4(977 878 879 978)
4(470 471 372 371)
4(1076 977 978 1077)
4(569 570 471 470)
4(1175 1076 1077 1176)
4(74 75 570 569)
4(680 1175 1176 681)
4(273 274 145 146)
4(879 752 751 880)
4(372 373 274 273)
4(978 879 880 979)
4(471 472 373 372)
4(1077 978 979 1078)
4(570 571 472 471)
4(1176 1077 1078 1177)
4(75 76 571 570)
4(681 1176 1177 682)
4(274 275 144 145)
4(880 751 750 881)
4(373 374 275 274)
4(979 880 881 980)
4(472 473 374 373)
4(1078 979 980 1079)
4(571 572 473 472)
4(1177 1078 1079 1178)
4(76 77 572 571)
4(682 1177 1178 683)
4(275 276 143 144)
4(881 750 749 882)
4(374 375 276 275)
4(980 881 882 981)
4(473 474 375 374)
4(1079 980 981 1080)
4(572 573 474 473)
4(1178 1079 1080 1179)
4(77 78 573 572)
4(683 1178 1179 684)
4(276 277 142 143)
4(882 749 748 883)
4(375 376 277 276)
4(981 882 883 982)
4(474 475 376 375)
4(1080 981 982 1081)
4(573 574 475 474)
4(1179 1080 1081 1180)
4(78 79 574 573)
4(684 1179 1180 685)
4(277 278 141 142)
4(883 748 747 884)
4(376 377 278 277)
4(982 883 884 983)
4(475 476 377 376)
4(1081 982 983 1082)
4(574 575 476 475)
4(1180 1081 1082 1181)
4(79 80 575 574)
4(685 1180 1181 686)
4(278 279 140 141)
4(884 747 746 885)
4(377 378 279 278)
4(983 884 885 984)
4(476 477 378 377)
4(1082 983 984 1083)
4(575 576 477 476)
4(1181 1082 1083 1182)
4(80 81 576 575)
4(686 1181 1182 687)
4(279 280 139 140)
4(885 746 745 886)
4(378 379 280 279)
4(984 885 886 985)
4(477 478 379 378)
4(1083 984 985 1084)
4(576 577 478 477)
4(1182 1083 1084 1183)
4(81 82 577 576)
4(687 1182 1183 688)
4(280 281 138 139)
4(886 745 744 887)
4(379 380 281 280)
4(985 886 887 986)
4(478 479 380 379)
4(1084 985 986 1085)
4(577 578 479 478)
4(1183 1084 1085 1184)
4(82 83 578 577)
4(688 1183 1184 689)
4(281 282 137 138)
4(887 744 743 888)
4(380 381 282 281)
4(986 887 888 987)
4(479 480 381 380)
4(1085 986 987 1086)
4(578 579 480 479)
4(1184 1085 1086 1185)
4(83 84 579 578)
4(689 1184 1185 690)
4(282 283 136 137)
4(888 743 742 889)
4(381 382 283 282)
4(987 888 889 988)
4(480 481 382 381)
4(1086 987 988 1087)
4(579 580 481 480)
4(1185 1086 1087 1186)
4(84 85 580 579)
4(690 1185 1186 691)
4(283 284 135 136)
4(889 742 741 890)
4(382 383 284 283)
4(988 889 890 989)
4(481 482 383 382)
4(1087 988 989 1088)
4(580 581 482 481)
4(1186 1087 1088 1187)
4(85 86 581 580)
4(691 1186 1187 692)
4(284 285 134 135)
4(890 741 740 891)
4(383 384 285 284)
4(989 890 891 990)
4(482 483 384 383)
4(1088 989 990 1089)
4(581 582 483 482)
4(1187 1088 1089 1188)
4(86 87 582 581)
4(692 1187 1188 693)
4(285 286 133 134)
4(891 740 739 892)
4(384 385 286 285)
4(990 891 892 991)
4(483 484 385 384)
4(1089 990 991 1090)
4(582 583 484 483)
4(1188 1089 1090 1189)
4(87 88 583 582)
4(693 1188 1189 694)
4(286 287 132 133)
4(892 739 738 893)
4(385 386 287 286)
4(991 892 893 992)
4(484 485 386 385)
4(1090 991 992 1091)
4(583 584 485 484)
4(1189 1090 1091 1190)
4(88 89 584 583)
4(694 1189 1190 695)
4(287 288 131 132)
4(893 738 737 894)
4(386 387 288 287)
4(992 893 894 993)
4(485 486 387 386)
4(1091 992 993 1092)
4(584 585 486 485)
4(1190 1091 1092 1191)
4(89 90 585 584)
4(695 1190 1191 696)
4(288 289 130 131)
4(894 737 736 895)
4(387 388 289 288)
4(993 894 895 994)
4(486 487 388 387)
4(1092 993 994 1093)
4(585 586 487 486)
4(1191 1092 1093 1192)
4(90 91 586 585)
4(696 1191 1192 697)
4(289 290 129 130)
4(895 736 735 896)
4(388 389 290 289)
4(994 895 896 995)
4(487 488 389 388)
4(1093 994 995 1094)
4(586 587 488 487)
4(1192 1093 1094 1193)
4(91 92 587 586)
4(697 1192 1193 698)
4(290 291 128 129)
4(896 735 734 897)
4(389 390 291 290)
4(995 896 897 996)
4(488 489 390 389)
4(1094 995 996 1095)
4(587 588 489 488)
4(1193 1094 1095 1194)
4(92 93 588 587)
4(698 1193 1194 699)
4(291 292 127 128)
4(897 734 733 898)
4(390 391 292 291)
4(996 897 898 997)
4(489 490 391 390)
4(1095 996 997 1096)
4(588 589 490 489)
4(1194 1095 1096 1195)
4(93 94 589 588)
4(699 1194 1195 700)
4(292 293 126 127)
4(898 733 732 899)
4(391 392 293 292)
4(997 898 899 998)
4(490 491 392 391)
4(1096 997 998 1097)
4(589 590 491 490)
4(1195 1096 1097 1196)
4(94 95 590 589)
4(700 1195 1196 701)
4(293 294 125 126)
4(899 732 731 900)
4(392 393 294 293)
4(998 899 900 999)
4(491 492 393 392)
4(1097 998 999 1098)
4(590 591 492 491)
4(1196 1097 1098 1197)
4(95 96 591 590)
4(701 1196 1197 702)
4(294 295 124 125)
4(900 731 730 901)
4(393 394 295 294)
4(999 900 901 1000)
4(492 493 394 393)
4(1098 999 1000 1099)
4(591 592 493 492)
4(1197 1098 1099 1198)
4(96 97 592 591)
4(702 1197 1198 703)
4(295 296 123 124)
4(901 730 729 902)
4(394 395 296 295)
4(1000 901 902 1001)
4(493 494 395 394)
4(1099 1000 1001 1100)
4(592 593 494 493)
4(1198 1099 1100 1199)
4(97 98 593 592)
4(703 1198 1199 704)
4(296 297 122 123)
4(902 729 728 903)
4(395 396 297 296)
4(1001 902 903 1002)
4(494 495 396 395)
4(1100 1001 1002 1101)
4(593 594 495 494)
4(1199 1100 1101 1200)
4(98 99 594 593)
4(704 1199 1200 705)
4(297 298 121 122)
4(903 728 727 904)
4(396 397 298 297)
4(1002 903 904 1003)
4(495 496 397 396)
4(1101 1002 1003 1102)
4(594 595 496 495)
4(1200 1101 1102 1201)
4(99 100 595 594)
4(705 1200 1201 706)
4(298 299 120 121)
4(904 727 726 905)
4(397 398 299 298)
4(1003 904 905 1004)
4(496 497 398 397)
4(1102 1003 1004 1103)
4(595 596 497 496)
4(1201 1102 1103 1202)
4(100 101 596 595)
4(706 1201 1202 707)
4(299 300 119 120)
4(905 726 725 906)
4(398 399 300 299)
4(1004 905 906 1005)
4(497 498 399 398)
4(1103 1004 1005 1104)
4(596 597 498 497)
4(1202 1103 1104 1203)
4(101 102 597 596)
4(707 1202 1203 708)
4(300 301 118 119)
4(906 725 724 907)
4(399 400 301 300)
4(1005 906 907 1006)
4(498 499 400 399)
4(1104 1005 1006 1105)
4(597 598 499 498)
4(1203 1104 1105 1204)
4(102 103 598 597)
4(708 1203 1204 709)
4(301 302 117 118)
4(907 724 723 908)
4(400 401 302 301)
4(1006 907 908 1007)
4(499 500 401 400)
4(1105 1006 1007 1106)
4(598 599 500 499)
4(1204 1105 1106 1205)
4(103 104 599 598)
4(709 1204 1205 710)
4(302 303 116 117)
4(908 723 722 909)
4(401 402 303 302)
4(1007 908 909 1008)
4(500 501 402 401)
4(1106 1007 1008 1107)
4(599 600 501 500)
4(1205 1106 1107 1206)
4(104 105 600 599)
4(710 1205 1206 711)
4(303 304 115 116)
4(909 722 721 910)
4(402 403 304 303)
4(1008 909 910 1009)
4(501 502 403 402)
4(1107 1008 1009 1108)
4(600 601 502 501)
4(1206 1107 1108 1207)
4(105 106 601 600)
4(711 1206 1207 712)
4(304 305 114 115)
4(910 721 720 911)
4(403 404 305 304)
4(1009 910 911 1010)
4(502 503 404 403)
4(1108 1009 1010 1109)
4(601 602 503 502)
4(1207 1108 1109 1208)
4(106 107 602 601)
4(712 1207 1208 713)
4(305 306 113 114)
4(911 720 719 912)
4(404 405 306 305)
4(1010 911 912 1011)
4(503 504 405 404)
4(1109 1010 1011 1110)
4(602 603 504 503)
4(1208 1109 1110 1209)
4(107 108 603 602)
4(713 1208 1209 714)
4(306 307 112 113)
4(912 719 718 913)
4(405 406 307 306)
4(1011 912 913 1012)
4(504 505 406 405)
4(1110 1011 1012 1111)
4(603 604 505 504)
4(1209 1110 1111 1210)
4(108 109 604 603)
4(714 1209 1210 715)
4(307 308 111 112)
4(913 718 717 914)
4(406 407 308 307)
4(1012 913 914 1013)
4(505 506 407 406)
4(1111 1012 1013 1112)
4(604 605 506 505)
4(1210 1111 1112 1211)
4(109 110 605 604)
4(715 1210 1211 716)
4(308 11 7 111)
4(914 717 613 617)
4(407 10 11 308)
4(1013 914 617 616)
4(506 9 10 407)
4(1112 1013 616 615)
4(605 8 9 506)
4(1211 1112 615 614)
4(110 6 8 605)
4(716 1211 614 612)
)


// ************************************************************************* //
