/*--------------------------------*- C++ -*----------------------------------*\
| =========                 |                                                 |
| \\      /  F ield         | OpenFOAM: The Open Source CFD Toolbox           |
|  \\    /   O peration     | Version:  5.x                                   |
|   \\  /    A nd           | Web:      www.OpenFOAM.org                      |
|    \\/     M anipulation  |                                                 |
\*---------------------------------------------------------------------------*/
FoamFile
{
    version     2.0;
    format      ascii;
    class       vectorField;
    location    "constant/polyMesh";
    object      points;
}
// * * * * * * * * * * * * * * * * * * * * * * * * * * * * * * * * * * * * * //


1212
(
(0 0.05 0.0100124922)
(0 0 0.0100124922)
(0 0.04 0.0100124922)
(0 0.03 0.0100124922)
(0 0.02 0.0100124922)
(0 0.01 0.0100124922)
(1 0 0.0100124922)
(1 0.05 0.0100124922)
(1 0.01 0.0100124922)
(1 0.02 0.0100124922)
(1 0.03 0.0100124922)
(1 0.04 0.0100124922)
(0.01 0 0.0100124922)
(0.02 0 0.0100124922)
(0.03 0 0.0100124922)
(0.04 0 0.0100124922)
(0.05 0 0.0100124922)
(0.06 0 0.0100124922)
(0.07 0 0.0100124922)
(0.08 0 0.0100124922)
(0.09 0 0.0100124922)
(0.1 0 0.0100124922)
(0.11 0 0.0100124922)
(0.12 0 0.0100124922)
(0.13 0 0.0100124922)
(0.14 0 0.0100124922)
(0.15 0 0.0100124922)
(0.16 0 0.0100124922)
(0.17 0 0.0100124922)
(0.18 0 0.0100124922)
(0.19 0 0.0100124922)
(0.2 0 0.0100124922)
(0.21 0 0.0100124922)
(0.22 0 0.0100124922)
(0.23 0 0.0100124922)
(0.24 0 0.0100124922)
(0.25 0 0.0100124922)
(0.26 0 0.0100124922)
(0.27 0 0.0100124922)
(0.28 0 0.0100124922)
(0.29 0 0.0100124922)
(0.3 0 0.0100124922)
(0.31 0 0.0100124922)
(0.32 0 0.0100124922)
(0.33 0 0.0100124922)
(0.34 0 0.0100124922)
(0.35 0 0.0100124922)
(0.36 0 0.0100124922)
(0.37 0 0.0100124922)
(0.38 0 0.0100124922)
(0.39 0 0.0100124922)
(0.4 0 0.0100124922)
(0.41 0 0.0100124922)
(0.42 0 0.0100124922)
(0.43 0 0.0100124922)
(0.44 0 0.0100124922)
(0.45 0 0.0100124922)
(0.46 0 0.0100124922)
(0.47 0 0.0100124922)
(0.48 0 0.0100124922)
(0.49 0 0.0100124922)
(0.5 0 0.0100124922)
(0.51 0 0.0100124922)
(0.52 0 0.0100124922)
(0.53 0 0.0100124922)
(0.54 0 0.0100124922)
(0.55 0 0.0100124922)
(0.56 0 0.0100124922)
(0.57 0 0.0100124922)
(0.58 0 0.0100124922)
(0.59 0 0.0100124922)
(0.6 0 0.0100124922)
(0.61 0 0.0100124922)
(0.62 0 0.0100124922)
(0.63 0 0.0100124922)
(0.64 0 0.0100124922)
(0.65 0 0.0100124922)
(0.66 0 0.0100124922)
(0.67 0 0.0100124922)
(0.68 0 0.0100124922)
(0.69 0 0.0100124922)
(0.7 0 0.0100124922)
(0.71 0 0.0100124922)
(0.72 0 0.0100124922)
(0.73 0 0.0100124922)
(0.74 0 0.0100124922)
(0.75 0 0.0100124922)
(0.76 0 0.0100124922)
(0.77 0 0.0100124922)
(0.78 0 0.0100124922)
(0.79 0 0.0100124922)
(0.8 0 0.0100124922)
(0.81 0 0.0100124922)
(0.82 0 0.0100124922)
(0.83 0 0.0100124922)
(0.84 0 0.0100124922)
(0.85 0 0.0100124922)
(0.86 0 0.0100124922)
(0.87 0 0.0100124922)
(0.88 0 0.0100124922)
(0.89 0 0.0100124922)
(0.9 0 0.0100124922)
(0.91 0 0.0100124922)
(0.92 0 0.0100124922)
(0.93 0 0.0100124922)
(0.94 0 0.0100124922)
(0.95 0 0.0100124922)
(0.96 0 0.0100124922)
(0.97 0 0.0100124922)
(0.98 0 0.0100124922)
(0.99 0 0.0100124922)
(0.99 0.05 0.0100124922)
(0.98 0.05 0.0100124922)
(0.97 0.05 0.0100124922)
(0.96 0.05 0.0100124922)
(0.95 0.05 0.0100124922)
(0.94 0.05 0.0100124922)
(0.93 0.05 0.0100124922)
(0.92 0.05 0.0100124922)
(0.91 0.05 0.0100124922)
(0.9 0.05 0.0100124922)
(0.89 0.05 0.0100124922)
(0.88 0.05 0.0100124922)
(0.87 0.05 0.0100124922)
(0.86 0.05 0.0100124922)
(0.85 0.05 0.0100124922)
(0.84 0.05 0.0100124922)
(0.83 0.05 0.0100124922)
(0.82 0.05 0.0100124922)
(0.81 0.05 0.0100124922)
(0.8 0.05 0.0100124922)
(0.79 0.05 0.0100124922)
(0.78 0.05 0.0100124922)
(0.77 0.05 0.0100124922)
(0.76 0.05 0.0100124922)
(0.75 0.05 0.0100124922)
(0.74 0.05 0.0100124922)
(0.73 0.05 0.0100124922)
(0.72 0.05 0.0100124922)
(0.71 0.05 0.0100124922)
(0.7 0.05 0.0100124922)
(0.69 0.05 0.0100124922)
(0.68 0.05 0.0100124922)
(0.67 0.05 0.0100124922)
(0.66 0.05 0.0100124922)
(0.65 0.05 0.0100124922)
(0.64 0.05 0.0100124922)
(0.63 0.05 0.0100124922)
(0.62 0.05 0.0100124922)
(0.61 0.05 0.0100124922)
(0.6 0.05 0.0100124922)
(0.59 0.05 0.0100124922)
(0.58 0.05 0.0100124922)
(0.57 0.05 0.0100124922)
(0.56 0.05 0.0100124922)
(0.55 0.05 0.0100124922)
(0.54 0.05 0.0100124922)
(0.53 0.05 0.0100124922)
(0.52 0.05 0.0100124922)
(0.51 0.05 0.0100124922)
(0.5 0.05 0.0100124922)
(0.49 0.05 0.0100124922)
(0.48 0.05 0.0100124922)
(0.47 0.05 0.0100124922)
(0.46 0.05 0.0100124922)
(0.45 0.05 0.0100124922)
(0.44 0.05 0.0100124922)
(0.43 0.05 0.0100124922)
(0.42 0.05 0.0100124922)
(0.41 0.05 0.0100124922)
(0.4 0.05 0.0100124922)
(0.39 0.05 0.0100124922)
(0.38 0.05 0.0100124922)
(0.37 0.05 0.0100124922)
(0.36 0.05 0.0100124922)
(0.35 0.05 0.0100124922)
(0.34 0.05 0.0100124922)
(0.33 0.05 0.0100124922)
(0.32 0.05 0.0100124922)
(0.31 0.05 0.0100124922)
(0.3 0.05 0.0100124922)
(0.29 0.05 0.0100124922)
(0.28 0.05 0.0100124922)
(0.27 0.05 0.0100124922)
(0.26 0.05 0.0100124922)
(0.25 0.05 0.0100124922)
(0.24 0.05 0.0100124922)
(0.23 0.05 0.0100124922)
(0.22 0.05 0.0100124922)
(0.21 0.05 0.0100124922)
(0.2 0.05 0.0100124922)
(0.19 0.05 0.0100124922)
(0.18 0.05 0.0100124922)
(0.17 0.05 0.0100124922)
(0.16 0.05 0.0100124922)
(0.15 0.05 0.0100124922)
(0.14 0.05 0.0100124922)
(0.13 0.05 0.0100124922)
(0.12 0.05 0.0100124922)
(0.11 0.05 0.0100124922)
(0.1 0.05 0.0100124922)
(0.09 0.05 0.0100124922)
(0.08 0.05 0.0100124922)
(0.07 0.05 0.0100124922)
(0.06 0.05 0.0100124922)
(0.05 0.05 0.0100124922)
(0.04 0.05 0.0100124922)
(0.03 0.05 0.0100124922)
(0.02 0.05 0.0100124922)
(0.01 0.05 0.0100124922)
(0.01 0.04 0.0100124922)
(0.02 0.04 0.0100124922)
(0.03 0.04 0.0100124922)
(0.04 0.04 0.0100124922)
(0.05 0.04 0.0100124922)
(0.06 0.04 0.0100124922)
(0.07 0.04 0.0100124922)
(0.08 0.04 0.0100124922)
(0.09 0.04 0.0100124922)
(0.1 0.04 0.0100124922)
(0.11 0.04 0.0100124922)
(0.12 0.04 0.0100124922)
(0.13 0.04 0.0100124922)
(0.14 0.04 0.0100124922)
(0.15 0.04 0.0100124922)
(0.16 0.04 0.0100124922)
(0.17 0.04 0.0100124922)
(0.18 0.04 0.0100124922)
(0.19 0.04 0.0100124922)
(0.2 0.04 0.0100124922)
(0.21 0.04 0.0100124922)
(0.22 0.04 0.0100124922)
(0.23 0.04 0.0100124922)
(0.24 0.04 0.0100124922)
(0.25 0.04 0.0100124922)
(0.26 0.04 0.0100124922)
(0.27 0.04 0.0100124922)
(0.28 0.04 0.0100124922)
(0.29 0.04 0.0100124922)
(0.3 0.04 0.0100124922)
(0.31 0.04 0.0100124922)
(0.32 0.04 0.0100124922)
(0.33 0.04 0.0100124922)
(0.34 0.04 0.0100124922)
(0.35 0.04 0.0100124922)
(0.36 0.04 0.0100124922)
(0.37 0.04 0.0100124922)
(0.38 0.04 0.0100124922)
(0.39 0.04 0.0100124922)
(0.4 0.04 0.0100124922)
(0.41 0.04 0.0100124922)
(0.42 0.04 0.0100124922)
(0.43 0.04 0.0100124922)
(0.44 0.04 0.0100124922)
(0.45 0.04 0.0100124922)
(0.46 0.04 0.0100124922)
(0.47 0.04 0.0100124922)
(0.48 0.04 0.0100124922)
(0.49 0.04 0.0100124922)
(0.5 0.04 0.0100124922)
(0.51 0.04 0.0100124922)
(0.52 0.04 0.0100124922)
(0.53 0.04 0.0100124922)
(0.54 0.04 0.0100124922)
(0.55 0.04 0.0100124922)
(0.56 0.04 0.0100124922)
(0.57 0.04 0.0100124922)
(0.58 0.04 0.0100124922)
(0.59 0.04 0.0100124922)
(0.6 0.04 0.0100124922)
(0.61 0.04 0.0100124922)
(0.62 0.04 0.0100124922)
(0.63 0.04 0.0100124922)
(0.64 0.04 0.0100124922)
(0.65 0.04 0.0100124922)
(0.66 0.04 0.0100124922)
(0.67 0.04 0.0100124922)
(0.68 0.04 0.0100124922)
(0.69 0.04 0.0100124922)
(0.7 0.04 0.0100124922)
(0.71 0.04 0.0100124922)
(0.72 0.04 0.0100124922)
(0.73 0.04 0.0100124922)
(0.74 0.04 0.0100124922)
(0.75 0.04 0.0100124922)
(0.76 0.04 0.0100124922)
(0.77 0.04 0.0100124922)
(0.78 0.04 0.0100124922)
(0.79 0.04 0.0100124922)
(0.8 0.04 0.0100124922)
(0.81 0.04 0.0100124922)
(0.82 0.04 0.0100124922)
(0.83 0.04 0.0100124922)
(0.84 0.04 0.0100124922)
(0.85 0.04 0.0100124922)
(0.86 0.04 0.0100124922)
(0.87 0.04 0.0100124922)
(0.88 0.04 0.0100124922)
(0.89 0.04 0.0100124922)
(0.9 0.04 0.0100124922)
(0.91 0.04 0.0100124922)
(0.92 0.04 0.0100124922)
(0.93 0.04 0.0100124922)
(0.94 0.04 0.0100124922)
(0.95 0.04 0.0100124922)
(0.96 0.04 0.0100124922)
(0.97 0.04 0.0100124922)
(0.98 0.04 0.0100124922)
(0.99 0.04 0.0100124922)
(0.01 0.03 0.0100124922)
(0.02 0.03 0.0100124922)
(0.03 0.03 0.0100124922)
(0.04 0.03 0.0100124922)
(0.05 0.03 0.0100124922)
(0.06 0.03 0.0100124922)
(0.07 0.03 0.0100124922)
(0.08 0.03 0.0100124922)
(0.09 0.03 0.0100124922)
(0.1 0.03 0.0100124922)
(0.11 0.03 0.0100124922)
(0.12 0.03 0.0100124922)
(0.13 0.03 0.0100124922)
(0.14 0.03 0.0100124922)
(0.15 0.03 0.0100124922)
(0.16 0.03 0.0100124922)
(0.17 0.03 0.0100124922)
(0.18 0.03 0.0100124922)
(0.19 0.03 0.0100124922)
(0.2 0.03 0.0100124922)
(0.21 0.03 0.0100124922)
(0.22 0.03 0.0100124922)
(0.23 0.03 0.0100124922)
(0.24 0.03 0.0100124922)
(0.25 0.03 0.0100124922)
(0.26 0.03 0.0100124922)
(0.27 0.03 0.0100124922)
(0.28 0.03 0.0100124922)
(0.29 0.03 0.0100124922)
(0.3 0.03 0.0100124922)
(0.31 0.03 0.0100124922)
(0.32 0.03 0.0100124922)
(0.33 0.03 0.0100124922)
(0.34 0.03 0.0100124922)
(0.35 0.03 0.0100124922)
(0.36 0.03 0.0100124922)
(0.37 0.03 0.0100124922)
(0.38 0.03 0.0100124922)
(0.39 0.03 0.0100124922)
(0.4 0.03 0.0100124922)
(0.41 0.03 0.0100124922)
(0.42 0.03 0.0100124922)
(0.43 0.03 0.0100124922)
(0.44 0.03 0.0100124922)
(0.45 0.03 0.0100124922)
(0.46 0.03 0.0100124922)
(0.47 0.03 0.0100124922)
(0.48 0.03 0.0100124922)
(0.49 0.03 0.0100124922)
(0.5 0.03 0.0100124922)
(0.51 0.03 0.0100124922)
(0.52 0.03 0.0100124922)
(0.53 0.03 0.0100124922)
(0.54 0.03 0.0100124922)
(0.55 0.03 0.0100124922)
(0.56 0.03 0.0100124922)
(0.57 0.03 0.0100124922)
(0.58 0.03 0.0100124922)
(0.59 0.03 0.0100124922)
(0.6 0.03 0.0100124922)
(0.61 0.03 0.0100124922)
(0.62 0.03 0.0100124922)
(0.63 0.03 0.0100124922)
(0.64 0.03 0.0100124922)
(0.65 0.03 0.0100124922)
(0.66 0.03 0.0100124922)
(0.67 0.03 0.0100124922)
(0.68 0.03 0.0100124922)
(0.69 0.03 0.0100124922)
(0.7 0.03 0.0100124922)
(0.71 0.03 0.0100124922)
(0.72 0.03 0.0100124922)
(0.73 0.03 0.0100124922)
(0.74 0.03 0.0100124922)
(0.75 0.03 0.0100124922)
(0.76 0.03 0.0100124922)
(0.77 0.03 0.0100124922)
(0.78 0.03 0.0100124922)
(0.79 0.03 0.0100124922)
(0.8 0.03 0.0100124922)
(0.81 0.03 0.0100124922)
(0.82 0.03 0.0100124922)
(0.83 0.03 0.0100124922)
(0.84 0.03 0.0100124922)
(0.85 0.03 0.0100124922)
(0.86 0.03 0.0100124922)
(0.87 0.03 0.0100124922)
(0.88 0.03 0.0100124922)
(0.89 0.03 0.0100124922)
(0.9 0.03 0.0100124922)
(0.91 0.03 0.0100124922)
(0.92 0.03 0.0100124922)
(0.93 0.03 0.0100124922)
(0.94 0.03 0.0100124922)
(0.95 0.03 0.0100124922)
(0.96 0.03 0.0100124922)
(0.97 0.03 0.0100124922)
(0.98 0.03 0.0100124922)
(0.99 0.03 0.0100124922)
(0.01 0.02 0.0100124922)
(0.02 0.02 0.0100124922)
(0.03 0.02 0.0100124922)
(0.04 0.02 0.0100124922)
(0.05 0.02 0.0100124922)
(0.06 0.02 0.0100124922)
(0.07 0.02 0.0100124922)
(0.08 0.02 0.0100124922)
(0.09 0.02 0.0100124922)
(0.1 0.02 0.0100124922)
(0.11 0.02 0.0100124922)
(0.12 0.02 0.0100124922)
(0.13 0.02 0.0100124922)
(0.14 0.02 0.0100124922)
(0.15 0.02 0.0100124922)
(0.16 0.02 0.0100124922)
(0.17 0.02 0.0100124922)
(0.18 0.02 0.0100124922)
(0.19 0.02 0.0100124922)
(0.2 0.02 0.0100124922)
(0.21 0.02 0.0100124922)
(0.22 0.02 0.0100124922)
(0.23 0.02 0.0100124922)
(0.24 0.02 0.0100124922)
(0.25 0.02 0.0100124922)
(0.26 0.02 0.0100124922)
(0.27 0.02 0.0100124922)
(0.28 0.02 0.0100124922)
(0.29 0.02 0.0100124922)
(0.3 0.02 0.0100124922)
(0.31 0.02 0.0100124922)
(0.32 0.02 0.0100124922)
(0.33 0.02 0.0100124922)
(0.34 0.02 0.0100124922)
(0.35 0.02 0.0100124922)
(0.36 0.02 0.0100124922)
(0.37 0.02 0.0100124922)
(0.38 0.02 0.0100124922)
(0.39 0.02 0.0100124922)
(0.4 0.02 0.0100124922)
(0.41 0.02 0.0100124922)
(0.42 0.02 0.0100124922)
(0.43 0.02 0.0100124922)
(0.44 0.02 0.0100124922)
(0.45 0.02 0.0100124922)
(0.46 0.02 0.0100124922)
(0.47 0.02 0.0100124922)
(0.48 0.02 0.0100124922)
(0.49 0.02 0.0100124922)
(0.5 0.02 0.0100124922)
(0.51 0.02 0.0100124922)
(0.52 0.02 0.0100124922)
(0.53 0.02 0.0100124922)
(0.54 0.02 0.0100124922)
(0.55 0.02 0.0100124922)
(0.56 0.02 0.0100124922)
(0.57 0.02 0.0100124922)
(0.58 0.02 0.0100124922)
(0.59 0.02 0.0100124922)
(0.6 0.02 0.0100124922)
(0.61 0.02 0.0100124922)
(0.62 0.02 0.0100124922)
(0.63 0.02 0.0100124922)
(0.64 0.02 0.0100124922)
(0.65 0.02 0.0100124922)
(0.66 0.02 0.0100124922)
(0.67 0.02 0.0100124922)
(0.68 0.02 0.0100124922)
(0.69 0.02 0.0100124922)
(0.7 0.02 0.0100124922)
(0.71 0.02 0.0100124922)
(0.72 0.02 0.0100124922)
(0.73 0.02 0.0100124922)
(0.74 0.02 0.0100124922)
(0.75 0.02 0.0100124922)
(0.76 0.02 0.0100124922)
(0.77 0.02 0.0100124922)
(0.78 0.02 0.0100124922)
(0.79 0.02 0.0100124922)
(0.8 0.02 0.0100124922)
(0.81 0.02 0.0100124922)
(0.82 0.02 0.0100124922)
(0.83 0.02 0.0100124922)
(0.84 0.02 0.0100124922)
(0.85 0.02 0.0100124922)
(0.86 0.02 0.0100124922)
(0.87 0.02 0.0100124922)
(0.88 0.02 0.0100124922)
(0.89 0.02 0.0100124922)
(0.9 0.02 0.0100124922)
(0.91 0.02 0.0100124922)
(0.92 0.02 0.0100124922)
(0.93 0.02 0.0100124922)
(0.94 0.02 0.0100124922)
(0.95 0.02 0.0100124922)
(0.96 0.02 0.0100124922)
(0.97 0.02 0.0100124922)
(0.98 0.02 0.0100124922)
(0.99 0.02 0.0100124922)
(0.01 0.01 0.0100124922)
(0.02 0.01 0.0100124922)
(0.03 0.01 0.0100124922)
(0.04 0.01 0.0100124922)
(0.05 0.01 0.0100124922)
(0.06 0.01 0.0100124922)
(0.07 0.01 0.0100124922)
(0.08 0.01 0.0100124922)
(0.09 0.01 0.0100124922)
(0.1 0.01 0.0100124922)
(0.11 0.01 0.0100124922)
(0.12 0.01 0.0100124922)
(0.13 0.01 0.0100124922)
(0.14 0.01 0.0100124922)
(0.15 0.01 0.0100124922)
(0.16 0.01 0.0100124922)
(0.17 0.01 0.0100124922)
(0.18 0.01 0.0100124922)
(0.19 0.01 0.0100124922)
(0.2 0.01 0.0100124922)
(0.21 0.01 0.0100124922)
(0.22 0.01 0.0100124922)
(0.23 0.01 0.0100124922)
(0.24 0.01 0.0100124922)
(0.25 0.01 0.0100124922)
(0.26 0.01 0.0100124922)
(0.27 0.01 0.0100124922)
(0.28 0.01 0.0100124922)
(0.29 0.01 0.0100124922)
(0.3 0.01 0.0100124922)
(0.31 0.01 0.0100124922)
(0.32 0.01 0.0100124922)
(0.33 0.01 0.0100124922)
(0.34 0.01 0.0100124922)
(0.35 0.01 0.0100124922)
(0.36 0.01 0.0100124922)
(0.37 0.01 0.0100124922)
(0.38 0.01 0.0100124922)
(0.39 0.01 0.0100124922)
(0.4 0.01 0.0100124922)
(0.41 0.01 0.0100124922)
(0.42 0.01 0.0100124922)
(0.43 0.01 0.0100124922)
(0.44 0.01 0.0100124922)
(0.45 0.01 0.0100124922)
(0.46 0.01 0.0100124922)
(0.47 0.01 0.0100124922)
(0.48 0.01 0.0100124922)
(0.49 0.01 0.0100124922)
(0.5 0.01 0.0100124922)
(0.51 0.01 0.0100124922)
(0.52 0.01 0.0100124922)
(0.53 0.01 0.0100124922)
(0.54 0.01 0.0100124922)
(0.55 0.01 0.0100124922)
(0.56 0.01 0.0100124922)
(0.57 0.01 0.0100124922)
(0.58 0.01 0.0100124922)
(0.59 0.01 0.0100124922)
(0.6 0.01 0.0100124922)
(0.61 0.01 0.0100124922)
(0.62 0.01 0.0100124922)
(0.63 0.01 0.0100124922)
(0.64 0.01 0.0100124922)
(0.65 0.01 0.0100124922)
(0.66 0.01 0.0100124922)
(0.67 0.01 0.0100124922)
(0.68 0.01 0.0100124922)
(0.69 0.01 0.0100124922)
(0.7 0.01 0.0100124922)
(0.71 0.01 0.0100124922)
(0.72 0.01 0.0100124922)
(0.73 0.01 0.0100124922)
(0.74 0.01 0.0100124922)
(0.75 0.01 0.0100124922)
(0.76 0.01 0.0100124922)
(0.77 0.01 0.0100124922)
(0.78 0.01 0.0100124922)
(0.79 0.01 0.0100124922)
(0.8 0.01 0.0100124922)
(0.81 0.01 0.0100124922)
(0.82 0.01 0.0100124922)
(0.83 0.01 0.0100124922)
(0.84 0.01 0.0100124922)
(0.85 0.01 0.0100124922)
(0.86 0.01 0.0100124922)
(0.87 0.01 0.0100124922)
(0.88 0.01 0.0100124922)
(0.89 0.01 0.0100124922)
(0.9 0.01 0.0100124922)
(0.91 0.01 0.0100124922)
(0.92 0.01 0.0100124922)
(0.93 0.01 0.0100124922)
(0.94 0.01 0.0100124922)
(0.95 0.01 0.0100124922)
(0.96 0.01 0.0100124922)
(0.97 0.01 0.0100124922)
(0.98 0.01 0.0100124922)
(0.99 0.01 0.0100124922)
(0 0.05 -0.0100124922)
(0 0 -0.0100124922)
(0 0.04 -0.0100124922)
(0 0.03 -0.0100124922)
(0 0.02 -0.0100124922)
(0 0.01 -0.0100124922)
(1 0 -0.0100124922)
(1 0.05 -0.0100124922)
(1 0.01 -0.0100124922)
(1 0.02 -0.0100124922)
(1 0.03 -0.0100124922)
(1 0.04 -0.0100124922)
(0.01 0 -0.0100124922)
(0.02 0 -0.0100124922)
(0.03 0 -0.0100124922)
(0.04 0 -0.0100124922)
(0.05 0 -0.0100124922)
(0.06 0 -0.0100124922)
(0.07 0 -0.0100124922)
(0.08 0 -0.0100124922)
(0.09 0 -0.0100124922)
(0.1 0 -0.0100124922)
(0.11 0 -0.0100124922)
(0.12 0 -0.0100124922)
(0.13 0 -0.0100124922)
(0.14 0 -0.0100124922)
(0.15 0 -0.0100124922)
(0.16 0 -0.0100124922)
(0.17 0 -0.0100124922)
(0.18 0 -0.0100124922)
(0.19 0 -0.0100124922)
(0.2 0 -0.0100124922)
(0.21 0 -0.0100124922)
(0.22 0 -0.0100124922)
(0.23 0 -0.0100124922)
(0.24 0 -0.0100124922)
(0.25 0 -0.0100124922)
(0.26 0 -0.0100124922)
(0.27 0 -0.0100124922)
(0.28 0 -0.0100124922)
(0.29 0 -0.0100124922)
(0.3 0 -0.0100124922)
(0.31 0 -0.0100124922)
(0.32 0 -0.0100124922)
(0.33 0 -0.0100124922)
(0.34 0 -0.0100124922)
(0.35 0 -0.0100124922)
(0.36 0 -0.0100124922)
(0.37 0 -0.0100124922)
(0.38 0 -0.0100124922)
(0.39 0 -0.0100124922)
(0.4 0 -0.0100124922)
(0.41 0 -0.0100124922)
(0.42 0 -0.0100124922)
(0.43 0 -0.0100124922)
(0.44 0 -0.0100124922)
(0.45 0 -0.0100124922)
(0.46 0 -0.0100124922)
(0.47 0 -0.0100124922)
(0.48 0 -0.0100124922)
(0.49 0 -0.0100124922)
(0.5 0 -0.0100124922)
(0.51 0 -0.0100124922)
(0.52 0 -0.0100124922)
(0.53 0 -0.0100124922)
(0.54 0 -0.0100124922)
(0.55 0 -0.0100124922)
(0.56 0 -0.0100124922)
(0.57 0 -0.0100124922)
(0.58 0 -0.0100124922)
(0.59 0 -0.0100124922)
(0.6 0 -0.0100124922)
(0.61 0 -0.0100124922)
(0.62 0 -0.0100124922)
(0.63 0 -0.0100124922)
(0.64 0 -0.0100124922)
(0.65 0 -0.0100124922)
(0.66 0 -0.0100124922)
(0.67 0 -0.0100124922)
(0.68 0 -0.0100124922)
(0.69 0 -0.0100124922)
(0.7 0 -0.0100124922)
(0.71 0 -0.0100124922)
(0.72 0 -0.0100124922)
(0.73 0 -0.0100124922)
(0.74 0 -0.0100124922)
(0.75 0 -0.0100124922)
(0.76 0 -0.0100124922)
(0.77 0 -0.0100124922)
(0.78 0 -0.0100124922)
(0.79 0 -0.0100124922)
(0.8 0 -0.0100124922)
(0.81 0 -0.0100124922)
(0.82 0 -0.0100124922)
(0.83 0 -0.0100124922)
(0.84 0 -0.0100124922)
(0.85 0 -0.0100124922)
(0.86 0 -0.0100124922)
(0.87 0 -0.0100124922)
(0.88 0 -0.0100124922)
(0.89 0 -0.0100124922)
(0.9 0 -0.0100124922)
(0.91 0 -0.0100124922)
(0.92 0 -0.0100124922)
(0.93 0 -0.0100124922)
(0.94 0 -0.0100124922)
(0.95 0 -0.0100124922)
(0.96 0 -0.0100124922)
(0.97 0 -0.0100124922)
(0.98 0 -0.0100124922)
(0.99 0 -0.0100124922)
(0.99 0.05 -0.0100124922)
(0.98 0.05 -0.0100124922)
(0.97 0.05 -0.0100124922)
(0.96 0.05 -0.0100124922)
(0.95 0.05 -0.0100124922)
(0.94 0.05 -0.0100124922)
(0.93 0.05 -0.0100124922)
(0.92 0.05 -0.0100124922)
(0.91 0.05 -0.0100124922)
(0.9 0.05 -0.0100124922)
(0.89 0.05 -0.0100124922)
(0.88 0.05 -0.0100124922)
(0.87 0.05 -0.0100124922)
(0.86 0.05 -0.0100124922)
(0.85 0.05 -0.0100124922)
(0.84 0.05 -0.0100124922)
(0.83 0.05 -0.0100124922)
(0.82 0.05 -0.0100124922)
(0.81 0.05 -0.0100124922)
(0.8 0.05 -0.0100124922)
(0.79 0.05 -0.0100124922)
(0.78 0.05 -0.0100124922)
(0.77 0.05 -0.0100124922)
(0.76 0.05 -0.0100124922)
(0.75 0.05 -0.0100124922)
(0.74 0.05 -0.0100124922)
(0.73 0.05 -0.0100124922)
(0.72 0.05 -0.0100124922)
(0.71 0.05 -0.0100124922)
(0.7 0.05 -0.0100124922)
(0.69 0.05 -0.0100124922)
(0.68 0.05 -0.0100124922)
(0.67 0.05 -0.0100124922)
(0.66 0.05 -0.0100124922)
(0.65 0.05 -0.0100124922)
(0.64 0.05 -0.0100124922)
(0.63 0.05 -0.0100124922)
(0.62 0.05 -0.0100124922)
(0.61 0.05 -0.0100124922)
(0.6 0.05 -0.0100124922)
(0.59 0.05 -0.0100124922)
(0.58 0.05 -0.0100124922)
(0.57 0.05 -0.0100124922)
(0.56 0.05 -0.0100124922)
(0.55 0.05 -0.0100124922)
(0.54 0.05 -0.0100124922)
(0.53 0.05 -0.0100124922)
(0.52 0.05 -0.0100124922)
(0.51 0.05 -0.0100124922)
(0.5 0.05 -0.0100124922)
(0.49 0.05 -0.0100124922)
(0.48 0.05 -0.0100124922)
(0.47 0.05 -0.0100124922)
(0.46 0.05 -0.0100124922)
(0.45 0.05 -0.0100124922)
(0.44 0.05 -0.0100124922)
(0.43 0.05 -0.0100124922)
(0.42 0.05 -0.0100124922)
(0.41 0.05 -0.0100124922)
(0.4 0.05 -0.0100124922)
(0.39 0.05 -0.0100124922)
(0.38 0.05 -0.0100124922)
(0.37 0.05 -0.0100124922)
(0.36 0.05 -0.0100124922)
(0.35 0.05 -0.0100124922)
(0.34 0.05 -0.0100124922)
(0.33 0.05 -0.0100124922)
(0.32 0.05 -0.0100124922)
(0.31 0.05 -0.0100124922)
(0.3 0.05 -0.0100124922)
(0.29 0.05 -0.0100124922)
(0.28 0.05 -0.0100124922)
(0.27 0.05 -0.0100124922)
(0.26 0.05 -0.0100124922)
(0.25 0.05 -0.0100124922)
(0.24 0.05 -0.0100124922)
(0.23 0.05 -0.0100124922)
(0.22 0.05 -0.0100124922)
(0.21 0.05 -0.0100124922)
(0.2 0.05 -0.0100124922)
(0.19 0.05 -0.0100124922)
(0.18 0.05 -0.0100124922)
(0.17 0.05 -0.0100124922)
(0.16 0.05 -0.0100124922)
(0.15 0.05 -0.0100124922)
(0.14 0.05 -0.0100124922)
(0.13 0.05 -0.0100124922)
(0.12 0.05 -0.0100124922)
(0.11 0.05 -0.0100124922)
(0.1 0.05 -0.0100124922)
(0.09 0.05 -0.0100124922)
(0.08 0.05 -0.0100124922)
(0.07 0.05 -0.0100124922)
(0.06 0.05 -0.0100124922)
(0.05 0.05 -0.0100124922)
(0.04 0.05 -0.0100124922)
(0.03 0.05 -0.0100124922)
(0.02 0.05 -0.0100124922)
(0.01 0.05 -0.0100124922)
(0.01 0.04 -0.0100124922)
(0.02 0.04 -0.0100124922)
(0.03 0.04 -0.0100124922)
(0.04 0.04 -0.0100124922)
(0.05 0.04 -0.0100124922)
(0.06 0.04 -0.0100124922)
(0.07 0.04 -0.0100124922)
(0.08 0.04 -0.0100124922)
(0.09 0.04 -0.0100124922)
(0.1 0.04 -0.0100124922)
(0.11 0.04 -0.0100124922)
(0.12 0.04 -0.0100124922)
(0.13 0.04 -0.0100124922)
(0.14 0.04 -0.0100124922)
(0.15 0.04 -0.0100124922)
(0.16 0.04 -0.0100124922)
(0.17 0.04 -0.0100124922)
(0.18 0.04 -0.0100124922)
(0.19 0.04 -0.0100124922)
(0.2 0.04 -0.0100124922)
(0.21 0.04 -0.0100124922)
(0.22 0.04 -0.0100124922)
(0.23 0.04 -0.0100124922)
(0.24 0.04 -0.0100124922)
(0.25 0.04 -0.0100124922)
(0.26 0.04 -0.0100124922)
(0.27 0.04 -0.0100124922)
(0.28 0.04 -0.0100124922)
(0.29 0.04 -0.0100124922)
(0.3 0.04 -0.0100124922)
(0.31 0.04 -0.0100124922)
(0.32 0.04 -0.0100124922)
(0.33 0.04 -0.0100124922)
(0.34 0.04 -0.0100124922)
(0.35 0.04 -0.0100124922)
(0.36 0.04 -0.0100124922)
(0.37 0.04 -0.0100124922)
(0.38 0.04 -0.0100124922)
(0.39 0.04 -0.0100124922)
(0.4 0.04 -0.0100124922)
(0.41 0.04 -0.0100124922)
(0.42 0.04 -0.0100124922)
(0.43 0.04 -0.0100124922)
(0.44 0.04 -0.0100124922)
(0.45 0.04 -0.0100124922)
(0.46 0.04 -0.0100124922)
(0.47 0.04 -0.0100124922)
(0.48 0.04 -0.0100124922)
(0.49 0.04 -0.0100124922)
(0.5 0.04 -0.0100124922)
(0.51 0.04 -0.0100124922)
(0.52 0.04 -0.0100124922)
(0.53 0.04 -0.0100124922)
(0.54 0.04 -0.0100124922)
(0.55 0.04 -0.0100124922)
(0.56 0.04 -0.0100124922)
(0.57 0.04 -0.0100124922)
(0.58 0.04 -0.0100124922)
(0.59 0.04 -0.0100124922)
(0.6 0.04 -0.0100124922)
(0.61 0.04 -0.0100124922)
(0.62 0.04 -0.0100124922)
(0.63 0.04 -0.0100124922)
(0.64 0.04 -0.0100124922)
(0.65 0.04 -0.0100124922)
(0.66 0.04 -0.0100124922)
(0.67 0.04 -0.0100124922)
(0.68 0.04 -0.0100124922)
(0.69 0.04 -0.0100124922)
(0.7 0.04 -0.0100124922)
(0.71 0.04 -0.0100124922)
(0.72 0.04 -0.0100124922)
(0.73 0.04 -0.0100124922)
(0.74 0.04 -0.0100124922)
(0.75 0.04 -0.0100124922)
(0.76 0.04 -0.0100124922)
(0.77 0.04 -0.0100124922)
(0.78 0.04 -0.0100124922)
(0.79 0.04 -0.0100124922)
(0.8 0.04 -0.0100124922)
(0.81 0.04 -0.0100124922)
(0.82 0.04 -0.0100124922)
(0.83 0.04 -0.0100124922)
(0.84 0.04 -0.0100124922)
(0.85 0.04 -0.0100124922)
(0.86 0.04 -0.0100124922)
(0.87 0.04 -0.0100124922)
(0.88 0.04 -0.0100124922)
(0.89 0.04 -0.0100124922)
(0.9 0.04 -0.0100124922)
(0.91 0.04 -0.0100124922)
(0.92 0.04 -0.0100124922)
(0.93 0.04 -0.0100124922)
(0.94 0.04 -0.0100124922)
(0.95 0.04 -0.0100124922)
(0.96 0.04 -0.0100124922)
(0.97 0.04 -0.0100124922)
(0.98 0.04 -0.0100124922)
(0.99 0.04 -0.0100124922)
(0.01 0.03 -0.0100124922)
(0.02 0.03 -0.0100124922)
(0.03 0.03 -0.0100124922)
(0.04 0.03 -0.0100124922)
(0.05 0.03 -0.0100124922)
(0.06 0.03 -0.0100124922)
(0.07 0.03 -0.0100124922)
(0.08 0.03 -0.0100124922)
(0.09 0.03 -0.0100124922)
(0.1 0.03 -0.0100124922)
(0.11 0.03 -0.0100124922)
(0.12 0.03 -0.0100124922)
(0.13 0.03 -0.0100124922)
(0.14 0.03 -0.0100124922)
(0.15 0.03 -0.0100124922)
(0.16 0.03 -0.0100124922)
(0.17 0.03 -0.0100124922)
(0.18 0.03 -0.0100124922)
(0.19 0.03 -0.0100124922)
(0.2 0.03 -0.0100124922)
(0.21 0.03 -0.0100124922)
(0.22 0.03 -0.0100124922)
(0.23 0.03 -0.0100124922)
(0.24 0.03 -0.0100124922)
(0.25 0.03 -0.0100124922)
(0.26 0.03 -0.0100124922)
(0.27 0.03 -0.0100124922)
(0.28 0.03 -0.0100124922)
(0.29 0.03 -0.0100124922)
(0.3 0.03 -0.0100124922)
(0.31 0.03 -0.0100124922)
(0.32 0.03 -0.0100124922)
(0.33 0.03 -0.0100124922)
(0.34 0.03 -0.0100124922)
(0.35 0.03 -0.0100124922)
(0.36 0.03 -0.0100124922)
(0.37 0.03 -0.0100124922)
(0.38 0.03 -0.0100124922)
(0.39 0.03 -0.0100124922)
(0.4 0.03 -0.0100124922)
(0.41 0.03 -0.0100124922)
(0.42 0.03 -0.0100124922)
(0.43 0.03 -0.0100124922)
(0.44 0.03 -0.0100124922)
(0.45 0.03 -0.0100124922)
(0.46 0.03 -0.0100124922)
(0.47 0.03 -0.0100124922)
(0.48 0.03 -0.0100124922)
(0.49 0.03 -0.0100124922)
(0.5 0.03 -0.0100124922)
(0.51 0.03 -0.0100124922)
(0.52 0.03 -0.0100124922)
(0.53 0.03 -0.0100124922)
(0.54 0.03 -0.0100124922)
(0.55 0.03 -0.0100124922)
(0.56 0.03 -0.0100124922)
(0.57 0.03 -0.0100124922)
(0.58 0.03 -0.0100124922)
(0.59 0.03 -0.0100124922)
(0.6 0.03 -0.0100124922)
(0.61 0.03 -0.0100124922)
(0.62 0.03 -0.0100124922)
(0.63 0.03 -0.0100124922)
(0.64 0.03 -0.0100124922)
(0.65 0.03 -0.0100124922)
(0.66 0.03 -0.0100124922)
(0.67 0.03 -0.0100124922)
(0.68 0.03 -0.0100124922)
(0.69 0.03 -0.0100124922)
(0.7 0.03 -0.0100124922)
(0.71 0.03 -0.0100124922)
(0.72 0.03 -0.0100124922)
(0.73 0.03 -0.0100124922)
(0.74 0.03 -0.0100124922)
(0.75 0.03 -0.0100124922)
(0.76 0.03 -0.0100124922)
(0.77 0.03 -0.0100124922)
(0.78 0.03 -0.0100124922)
(0.79 0.03 -0.0100124922)
(0.8 0.03 -0.0100124922)
(0.81 0.03 -0.0100124922)
(0.82 0.03 -0.0100124922)
(0.83 0.03 -0.0100124922)
(0.84 0.03 -0.0100124922)
(0.85 0.03 -0.0100124922)
(0.86 0.03 -0.0100124922)
(0.87 0.03 -0.0100124922)
(0.88 0.03 -0.0100124922)
(0.89 0.03 -0.0100124922)
(0.9 0.03 -0.0100124922)
(0.91 0.03 -0.0100124922)
(0.92 0.03 -0.0100124922)
(0.93 0.03 -0.0100124922)
(0.94 0.03 -0.0100124922)
(0.95 0.03 -0.0100124922)
(0.96 0.03 -0.0100124922)
(0.97 0.03 -0.0100124922)
(0.98 0.03 -0.0100124922)
(0.99 0.03 -0.0100124922)
(0.01 0.02 -0.0100124922)
(0.02 0.02 -0.0100124922)
(0.03 0.02 -0.0100124922)
(0.04 0.02 -0.0100124922)
(0.05 0.02 -0.0100124922)
(0.06 0.02 -0.0100124922)
(0.07 0.02 -0.0100124922)
(0.08 0.02 -0.0100124922)
(0.09 0.02 -0.0100124922)
(0.1 0.02 -0.0100124922)
(0.11 0.02 -0.0100124922)
(0.12 0.02 -0.0100124922)
(0.13 0.02 -0.0100124922)
(0.14 0.02 -0.0100124922)
(0.15 0.02 -0.0100124922)
(0.16 0.02 -0.0100124922)
(0.17 0.02 -0.0100124922)
(0.18 0.02 -0.0100124922)
(0.19 0.02 -0.0100124922)
(0.2 0.02 -0.0100124922)
(0.21 0.02 -0.0100124922)
(0.22 0.02 -0.0100124922)
(0.23 0.02 -0.0100124922)
(0.24 0.02 -0.0100124922)
(0.25 0.02 -0.0100124922)
(0.26 0.02 -0.0100124922)
(0.27 0.02 -0.0100124922)
(0.28 0.02 -0.0100124922)
(0.29 0.02 -0.0100124922)
(0.3 0.02 -0.0100124922)
(0.31 0.02 -0.0100124922)
(0.32 0.02 -0.0100124922)
(0.33 0.02 -0.0100124922)
(0.34 0.02 -0.0100124922)
(0.35 0.02 -0.0100124922)
(0.36 0.02 -0.0100124922)
(0.37 0.02 -0.0100124922)
(0.38 0.02 -0.0100124922)
(0.39 0.02 -0.0100124922)
(0.4 0.02 -0.0100124922)
(0.41 0.02 -0.0100124922)
(0.42 0.02 -0.0100124922)
(0.43 0.02 -0.0100124922)
(0.44 0.02 -0.0100124922)
(0.45 0.02 -0.0100124922)
(0.46 0.02 -0.0100124922)
(0.47 0.02 -0.0100124922)
(0.48 0.02 -0.0100124922)
(0.49 0.02 -0.0100124922)
(0.5 0.02 -0.0100124922)
(0.51 0.02 -0.0100124922)
(0.52 0.02 -0.0100124922)
(0.53 0.02 -0.0100124922)
(0.54 0.02 -0.0100124922)
(0.55 0.02 -0.0100124922)
(0.56 0.02 -0.0100124922)
(0.57 0.02 -0.0100124922)
(0.58 0.02 -0.0100124922)
(0.59 0.02 -0.0100124922)
(0.6 0.02 -0.0100124922)
(0.61 0.02 -0.0100124922)
(0.62 0.02 -0.0100124922)
(0.63 0.02 -0.0100124922)
(0.64 0.02 -0.0100124922)
(0.65 0.02 -0.0100124922)
(0.66 0.02 -0.0100124922)
(0.67 0.02 -0.0100124922)
(0.68 0.02 -0.0100124922)
(0.69 0.02 -0.0100124922)
(0.7 0.02 -0.0100124922)
(0.71 0.02 -0.0100124922)
(0.72 0.02 -0.0100124922)
(0.73 0.02 -0.0100124922)
(0.74 0.02 -0.0100124922)
(0.75 0.02 -0.0100124922)
(0.76 0.02 -0.0100124922)
(0.77 0.02 -0.0100124922)
(0.78 0.02 -0.0100124922)
(0.79 0.02 -0.0100124922)
(0.8 0.02 -0.0100124922)
(0.81 0.02 -0.0100124922)
(0.82 0.02 -0.0100124922)
(0.83 0.02 -0.0100124922)
(0.84 0.02 -0.0100124922)
(0.85 0.02 -0.0100124922)
(0.86 0.02 -0.0100124922)
(0.87 0.02 -0.0100124922)
(0.88 0.02 -0.0100124922)
(0.89 0.02 -0.0100124922)
(0.9 0.02 -0.0100124922)
(0.91 0.02 -0.0100124922)
(0.92 0.02 -0.0100124922)
(0.93 0.02 -0.0100124922)
(0.94 0.02 -0.0100124922)
(0.95 0.02 -0.0100124922)
(0.96 0.02 -0.0100124922)
(0.97 0.02 -0.0100124922)
(0.98 0.02 -0.0100124922)
(0.99 0.02 -0.0100124922)
(0.01 0.01 -0.0100124922)
(0.02 0.01 -0.0100124922)
(0.03 0.01 -0.0100124922)
(0.04 0.01 -0.0100124922)
(0.05 0.01 -0.0100124922)
(0.06 0.01 -0.0100124922)
(0.07 0.01 -0.0100124922)
(0.08 0.01 -0.0100124922)
(0.09 0.01 -0.0100124922)
(0.1 0.01 -0.0100124922)
(0.11 0.01 -0.0100124922)
(0.12 0.01 -0.0100124922)
(0.13 0.01 -0.0100124922)
(0.14 0.01 -0.0100124922)
(0.15 0.01 -0.0100124922)
(0.16 0.01 -0.0100124922)
(0.17 0.01 -0.0100124922)
(0.18 0.01 -0.0100124922)
(0.19 0.01 -0.0100124922)
(0.2 0.01 -0.0100124922)
(0.21 0.01 -0.0100124922)
(0.22 0.01 -0.0100124922)
(0.23 0.01 -0.0100124922)
(0.24 0.01 -0.0100124922)
(0.25 0.01 -0.0100124922)
(0.26 0.01 -0.0100124922)
(0.27 0.01 -0.0100124922)
(0.28 0.01 -0.0100124922)
(0.29 0.01 -0.0100124922)
(0.3 0.01 -0.0100124922)
(0.31 0.01 -0.0100124922)
(0.32 0.01 -0.0100124922)
(0.33 0.01 -0.0100124922)
(0.34 0.01 -0.0100124922)
(0.35 0.01 -0.0100124922)
(0.36 0.01 -0.0100124922)
(0.37 0.01 -0.0100124922)
(0.38 0.01 -0.0100124922)
(0.39 0.01 -0.0100124922)
(0.4 0.01 -0.0100124922)
(0.41 0.01 -0.0100124922)
(0.42 0.01 -0.0100124922)
(0.43 0.01 -0.0100124922)
(0.44 0.01 -0.0100124922)
(0.45 0.01 -0.0100124922)
(0.46 0.01 -0.0100124922)
(0.47 0.01 -0.0100124922)
(0.48 0.01 -0.0100124922)
(0.49 0.01 -0.0100124922)
(0.5 0.01 -0.0100124922)
(0.51 0.01 -0.0100124922)
(0.52 0.01 -0.0100124922)
(0.53 0.01 -0.0100124922)
(0.54 0.01 -0.0100124922)
(0.55 0.01 -0.0100124922)
(0.56 0.01 -0.0100124922)
(0.57 0.01 -0.0100124922)
(0.58 0.01 -0.0100124922)
(0.59 0.01 -0.0100124922)
(0.6 0.01 -0.0100124922)
(0.61 0.01 -0.0100124922)
(0.62 0.01 -0.0100124922)
(0.63 0.01 -0.0100124922)
(0.64 0.01 -0.0100124922)
(0.65 0.01 -0.0100124922)
(0.66 0.01 -0.0100124922)
(0.67 0.01 -0.0100124922)
(0.68 0.01 -0.0100124922)
(0.69 0.01 -0.0100124922)
(0.7 0.01 -0.0100124922)
(0.71 0.01 -0.0100124922)
(0.72 0.01 -0.0100124922)
(0.73 0.01 -0.0100124922)
(0.74 0.01 -0.0100124922)
(0.75 0.01 -0.0100124922)
(0.76 0.01 -0.0100124922)
(0.77 0.01 -0.0100124922)
(0.78 0.01 -0.0100124922)
(0.79 0.01 -0.0100124922)
(0.8 0.01 -0.0100124922)
(0.81 0.01 -0.0100124922)
(0.82 0.01 -0.0100124922)
(0.83 0.01 -0.0100124922)
(0.84 0.01 -0.0100124922)
(0.85 0.01 -0.0100124922)
(0.86 0.01 -0.0100124922)
(0.87 0.01 -0.0100124922)
(0.88 0.01 -0.0100124922)
(0.89 0.01 -0.0100124922)
(0.9 0.01 -0.0100124922)
(0.91 0.01 -0.0100124922)
(0.92 0.01 -0.0100124922)
(0.93 0.01 -0.0100124922)
(0.94 0.01 -0.0100124922)
(0.95 0.01 -0.0100124922)
(0.96 0.01 -0.0100124922)
(0.97 0.01 -0.0100124922)
(0.98 0.01 -0.0100124922)
(0.99 0.01 -0.0100124922)
)


// ************************************************************************* //
