/*--------------------------------*- C++ -*----------------------------------*\
| =========                 |                                                 |
| \\      /  F ield         | OpenFOAM: The Open Source CFD Toolbox           |
|  \\    /   O peration     | Version:  5.x                                   |
|   \\  /    A nd           | Web:      www.OpenFOAM.org                      |
|    \\/     M anipulation  |                                                 |
\*---------------------------------------------------------------------------*/
FoamFile
{
    version     2.0;
    format      ascii;
    class       vectorField;
    location    "constant/polyMesh";
    object      points;
}
// * * * * * * * * * * * * * * * * * * * * * * * * * * * * * * * * * * * * * //


4242
(
(0 0 0)
(0.017 0 0)
(0.034 0 0)
(0.051 0 0)
(0.068 0 0)
(0.085 0 0)
(0.102 0 0)
(0.119 0 0)
(0.136 0 0)
(0.153 0 0)
(0.17 0 0)
(0.187 0 0)
(0.204 0 0)
(0.221 0 0)
(0.238 0 0)
(0.255 0 0)
(0.272 0 0)
(0.289 0 0)
(0.306 0 0)
(0.323 0 0)
(0.34 0 0)
(0.357 0 0)
(0.374 0 0)
(0.391 0 0)
(0.408 0 0)
(0.425 0 0)
(0.442 0 0)
(0.459 0 0)
(0.476 0 0)
(0.493 0 0)
(0.51 0 0)
(0.527 0 0)
(0.544 0 0)
(0.561 0 0)
(0.578 0 0)
(0.595 0 0)
(0.612 0 0)
(0.629 0 0)
(0.646 0 0)
(0.663 0 0)
(0.68 0 0)
(0.697 0 0)
(0.714 0 0)
(0.731 0 0)
(0.748 0 0)
(0.765 0 0)
(0.782 0 0)
(0.799 0 0)
(0.816 0 0)
(0.833 0 0)
(0.85 0 0)
(0.867 0 0)
(0.884 0 0)
(0.901 0 0)
(0.918 0 0)
(0.935 0 0)
(0.952 0 0)
(0.969 0 0)
(0.986 0 0)
(1.003 0 0)
(1.02 0 0)
(1.037 0 0)
(1.054 0 0)
(1.071 0 0)
(1.088 0 0)
(1.105 0 0)
(1.122 0 0)
(1.139 0 0)
(1.156 0 0)
(1.173 0 0)
(1.19 0 0)
(1.207 0 0)
(1.224 0 0)
(1.241 0 0)
(1.258 0 0)
(1.275 0 0)
(1.292 0 0)
(1.309 0 0)
(1.326 0 0)
(1.343 0 0)
(1.36 0 0)
(1.377 0 0)
(1.394 0 0)
(1.411 0 0)
(1.428 0 0)
(1.445 0 0)
(1.462 0 0)
(1.479 0 0)
(1.496 0 0)
(1.513 0 0)
(1.53 0 0)
(1.547 0 0)
(1.564 0 0)
(1.581 0 0)
(1.598 0 0)
(1.615 0 0)
(1.632 0 0)
(1.649 0 0)
(1.666 0 0)
(1.683 0 0)
(1.7 0 0)
(0 0.0025 0)
(0.017 0.0025 0)
(0.034 0.0025 0)
(0.051 0.0025 0)
(0.068 0.0025 0)
(0.085 0.0025 0)
(0.102 0.0025 0)
(0.119 0.0025 0)
(0.136 0.0025 0)
(0.153 0.0025 0)
(0.17 0.0025 0)
(0.187 0.0025 0)
(0.204 0.0025 0)
(0.221 0.0025 0)
(0.238 0.0025 0)
(0.255 0.0025 0)
(0.272 0.0025 0)
(0.289 0.0025 0)
(0.306 0.0025 0)
(0.323 0.0025 0)
(0.34 0.0025 0)
(0.357 0.0025 0)
(0.374 0.0025 0)
(0.391 0.0025 0)
(0.408 0.0025 0)
(0.425 0.0025 0)
(0.442 0.0025 0)
(0.459 0.0025 0)
(0.476 0.0025 0)
(0.493 0.0025 0)
(0.51 0.0025 0)
(0.527 0.0025 0)
(0.544 0.0025 0)
(0.561 0.0025 0)
(0.578 0.0025 0)
(0.595 0.0025 0)
(0.612 0.0025 0)
(0.629 0.0025 0)
(0.646 0.0025 0)
(0.663 0.0025 0)
(0.68 0.0025 0)
(0.697 0.0025 0)
(0.714 0.0025 0)
(0.731 0.0025 0)
(0.748 0.0025 0)
(0.765 0.0025 0)
(0.782 0.0025 0)
(0.799 0.0025 0)
(0.816 0.0025 0)
(0.833 0.0025 0)
(0.85 0.0025 0)
(0.867 0.0025 0)
(0.884 0.0025 0)
(0.901 0.0025 0)
(0.918 0.0025 0)
(0.935 0.0025 0)
(0.952 0.0025 0)
(0.969 0.0025 0)
(0.986 0.0025 0)
(1.003 0.0025 0)
(1.02 0.0025 0)
(1.037 0.0025 0)
(1.054 0.0025 0)
(1.071 0.0025 0)
(1.088 0.0025 0)
(1.105 0.0025 0)
(1.122 0.0025 0)
(1.139 0.0025 0)
(1.156 0.0025 0)
(1.173 0.0025 0)
(1.19 0.0025 0)
(1.207 0.0025 0)
(1.224 0.0025 0)
(1.241 0.0025 0)
(1.258 0.0025 0)
(1.275 0.0025 0)
(1.292 0.0025 0)
(1.309 0.0025 0)
(1.326 0.0025 0)
(1.343 0.0025 0)
(1.36 0.0025 0)
(1.377 0.0025 0)
(1.394 0.0025 0)
(1.411 0.0025 0)
(1.428 0.0025 0)
(1.445 0.0025 0)
(1.462 0.0025 0)
(1.479 0.0025 0)
(1.496 0.0025 0)
(1.513 0.0025 0)
(1.53 0.0025 0)
(1.547 0.0025 0)
(1.564 0.0025 0)
(1.581 0.0025 0)
(1.598 0.0025 0)
(1.615 0.0025 0)
(1.632 0.0025 0)
(1.649 0.0025 0)
(1.666 0.0025 0)
(1.683 0.0025 0)
(1.7 0.0025 0)
(0 0.005 0)
(0.017 0.005 0)
(0.034 0.005 0)
(0.051 0.005 0)
(0.068 0.005 0)
(0.085 0.005 0)
(0.102 0.005 0)
(0.119 0.005 0)
(0.136 0.005 0)
(0.153 0.005 0)
(0.17 0.005 0)
(0.187 0.005 0)
(0.204 0.005 0)
(0.221 0.005 0)
(0.238 0.005 0)
(0.255 0.005 0)
(0.272 0.005 0)
(0.289 0.005 0)
(0.306 0.005 0)
(0.323 0.005 0)
(0.34 0.005 0)
(0.357 0.005 0)
(0.374 0.005 0)
(0.391 0.005 0)
(0.408 0.005 0)
(0.425 0.005 0)
(0.442 0.005 0)
(0.459 0.005 0)
(0.476 0.005 0)
(0.493 0.005 0)
(0.51 0.005 0)
(0.527 0.005 0)
(0.544 0.005 0)
(0.561 0.005 0)
(0.578 0.005 0)
(0.595 0.005 0)
(0.612 0.005 0)
(0.629 0.005 0)
(0.646 0.005 0)
(0.663 0.005 0)
(0.68 0.005 0)
(0.697 0.005 0)
(0.714 0.005 0)
(0.731 0.005 0)
(0.748 0.005 0)
(0.765 0.005 0)
(0.782 0.005 0)
(0.799 0.005 0)
(0.816 0.005 0)
(0.833 0.005 0)
(0.85 0.005 0)
(0.867 0.005 0)
(0.884 0.005 0)
(0.901 0.005 0)
(0.918 0.005 0)
(0.935 0.005 0)
(0.952 0.005 0)
(0.969 0.005 0)
(0.986 0.005 0)
(1.003 0.005 0)
(1.02 0.005 0)
(1.037 0.005 0)
(1.054 0.005 0)
(1.071 0.005 0)
(1.088 0.005 0)
(1.105 0.005 0)
(1.122 0.005 0)
(1.139 0.005 0)
(1.156 0.005 0)
(1.173 0.005 0)
(1.19 0.005 0)
(1.207 0.005 0)
(1.224 0.005 0)
(1.241 0.005 0)
(1.258 0.005 0)
(1.275 0.005 0)
(1.292 0.005 0)
(1.309 0.005 0)
(1.326 0.005 0)
(1.343 0.005 0)
(1.36 0.005 0)
(1.377 0.005 0)
(1.394 0.005 0)
(1.411 0.005 0)
(1.428 0.005 0)
(1.445 0.005 0)
(1.462 0.005 0)
(1.479 0.005 0)
(1.496 0.005 0)
(1.513 0.005 0)
(1.53 0.005 0)
(1.547 0.005 0)
(1.564 0.005 0)
(1.581 0.005 0)
(1.598 0.005 0)
(1.615 0.005 0)
(1.632 0.005 0)
(1.649 0.005 0)
(1.666 0.005 0)
(1.683 0.005 0)
(1.7 0.005 0)
(0 0.0075 0)
(0.017 0.0075 0)
(0.034 0.0075 0)
(0.051 0.0075 0)
(0.068 0.0075 0)
(0.085 0.0075 0)
(0.102 0.0075 0)
(0.119 0.0075 0)
(0.136 0.0075 0)
(0.153 0.0075 0)
(0.17 0.0075 0)
(0.187 0.0075 0)
(0.204 0.0075 0)
(0.221 0.0075 0)
(0.238 0.0075 0)
(0.255 0.0075 0)
(0.272 0.0075 0)
(0.289 0.0075 0)
(0.306 0.0075 0)
(0.323 0.0075 0)
(0.34 0.0075 0)
(0.357 0.0075 0)
(0.374 0.0075 0)
(0.391 0.0075 0)
(0.408 0.0075 0)
(0.425 0.0075 0)
(0.442 0.0075 0)
(0.459 0.0075 0)
(0.476 0.0075 0)
(0.493 0.0075 0)
(0.51 0.0075 0)
(0.527 0.0075 0)
(0.544 0.0075 0)
(0.561 0.0075 0)
(0.578 0.0075 0)
(0.595 0.0075 0)
(0.612 0.0075 0)
(0.629 0.0075 0)
(0.646 0.0075 0)
(0.663 0.0075 0)
(0.68 0.0075 0)
(0.697 0.0075 0)
(0.714 0.0075 0)
(0.731 0.0075 0)
(0.748 0.0075 0)
(0.765 0.0075 0)
(0.782 0.0075 0)
(0.799 0.0075 0)
(0.816 0.0075 0)
(0.833 0.0075 0)
(0.85 0.0075 0)
(0.867 0.0075 0)
(0.884 0.0075 0)
(0.901 0.0075 0)
(0.918 0.0075 0)
(0.935 0.0075 0)
(0.952 0.0075 0)
(0.969 0.0075 0)
(0.986 0.0075 0)
(1.003 0.0075 0)
(1.02 0.0075 0)
(1.037 0.0075 0)
(1.054 0.0075 0)
(1.071 0.0075 0)
(1.088 0.0075 0)
(1.105 0.0075 0)
(1.122 0.0075 0)
(1.139 0.0075 0)
(1.156 0.0075 0)
(1.173 0.0075 0)
(1.19 0.0075 0)
(1.207 0.0075 0)
(1.224 0.0075 0)
(1.241 0.0075 0)
(1.258 0.0075 0)
(1.275 0.0075 0)
(1.292 0.0075 0)
(1.309 0.0075 0)
(1.326 0.0075 0)
(1.343 0.0075 0)
(1.36 0.0075 0)
(1.377 0.0075 0)
(1.394 0.0075 0)
(1.411 0.0075 0)
(1.428 0.0075 0)
(1.445 0.0075 0)
(1.462 0.0075 0)
(1.479 0.0075 0)
(1.496 0.0075 0)
(1.513 0.0075 0)
(1.53 0.0075 0)
(1.547 0.0075 0)
(1.564 0.0075 0)
(1.581 0.0075 0)
(1.598 0.0075 0)
(1.615 0.0075 0)
(1.632 0.0075 0)
(1.649 0.0075 0)
(1.666 0.0075 0)
(1.683 0.0075 0)
(1.7 0.0075 0)
(0 0.01 0)
(0.017 0.01 0)
(0.034 0.01 0)
(0.051 0.01 0)
(0.068 0.01 0)
(0.085 0.01 0)
(0.102 0.01 0)
(0.119 0.01 0)
(0.136 0.01 0)
(0.153 0.01 0)
(0.17 0.01 0)
(0.187 0.01 0)
(0.204 0.01 0)
(0.221 0.01 0)
(0.238 0.01 0)
(0.255 0.01 0)
(0.272 0.01 0)
(0.289 0.01 0)
(0.306 0.01 0)
(0.323 0.01 0)
(0.34 0.01 0)
(0.357 0.01 0)
(0.374 0.01 0)
(0.391 0.01 0)
(0.408 0.01 0)
(0.425 0.01 0)
(0.442 0.01 0)
(0.459 0.01 0)
(0.476 0.01 0)
(0.493 0.01 0)
(0.51 0.01 0)
(0.527 0.01 0)
(0.544 0.01 0)
(0.561 0.01 0)
(0.578 0.01 0)
(0.595 0.01 0)
(0.612 0.01 0)
(0.629 0.01 0)
(0.646 0.01 0)
(0.663 0.01 0)
(0.68 0.01 0)
(0.697 0.01 0)
(0.714 0.01 0)
(0.731 0.01 0)
(0.748 0.01 0)
(0.765 0.01 0)
(0.782 0.01 0)
(0.799 0.01 0)
(0.816 0.01 0)
(0.833 0.01 0)
(0.85 0.01 0)
(0.867 0.01 0)
(0.884 0.01 0)
(0.901 0.01 0)
(0.918 0.01 0)
(0.935 0.01 0)
(0.952 0.01 0)
(0.969 0.01 0)
(0.986 0.01 0)
(1.003 0.01 0)
(1.02 0.01 0)
(1.037 0.01 0)
(1.054 0.01 0)
(1.071 0.01 0)
(1.088 0.01 0)
(1.105 0.01 0)
(1.122 0.01 0)
(1.139 0.01 0)
(1.156 0.01 0)
(1.173 0.01 0)
(1.19 0.01 0)
(1.207 0.01 0)
(1.224 0.01 0)
(1.241 0.01 0)
(1.258 0.01 0)
(1.275 0.01 0)
(1.292 0.01 0)
(1.309 0.01 0)
(1.326 0.01 0)
(1.343 0.01 0)
(1.36 0.01 0)
(1.377 0.01 0)
(1.394 0.01 0)
(1.411 0.01 0)
(1.428 0.01 0)
(1.445 0.01 0)
(1.462 0.01 0)
(1.479 0.01 0)
(1.496 0.01 0)
(1.513 0.01 0)
(1.53 0.01 0)
(1.547 0.01 0)
(1.564 0.01 0)
(1.581 0.01 0)
(1.598 0.01 0)
(1.615 0.01 0)
(1.632 0.01 0)
(1.649 0.01 0)
(1.666 0.01 0)
(1.683 0.01 0)
(1.7 0.01 0)
(0 0.0125 0)
(0.017 0.0125 0)
(0.034 0.0125 0)
(0.051 0.0125 0)
(0.068 0.0125 0)
(0.085 0.0125 0)
(0.102 0.0125 0)
(0.119 0.0125 0)
(0.136 0.0125 0)
(0.153 0.0125 0)
(0.17 0.0125 0)
(0.187 0.0125 0)
(0.204 0.0125 0)
(0.221 0.0125 0)
(0.238 0.0125 0)
(0.255 0.0125 0)
(0.272 0.0125 0)
(0.289 0.0125 0)
(0.306 0.0125 0)
(0.323 0.0125 0)
(0.34 0.0125 0)
(0.357 0.0125 0)
(0.374 0.0125 0)
(0.391 0.0125 0)
(0.408 0.0125 0)
(0.425 0.0125 0)
(0.442 0.0125 0)
(0.459 0.0125 0)
(0.476 0.0125 0)
(0.493 0.0125 0)
(0.51 0.0125 0)
(0.527 0.0125 0)
(0.544 0.0125 0)
(0.561 0.0125 0)
(0.578 0.0125 0)
(0.595 0.0125 0)
(0.612 0.0125 0)
(0.629 0.0125 0)
(0.646 0.0125 0)
(0.663 0.0125 0)
(0.68 0.0125 0)
(0.697 0.0125 0)
(0.714 0.0125 0)
(0.731 0.0125 0)
(0.748 0.0125 0)
(0.765 0.0125 0)
(0.782 0.0125 0)
(0.799 0.0125 0)
(0.816 0.0125 0)
(0.833 0.0125 0)
(0.85 0.0125 0)
(0.867 0.0125 0)
(0.884 0.0125 0)
(0.901 0.0125 0)
(0.918 0.0125 0)
(0.935 0.0125 0)
(0.952 0.0125 0)
(0.969 0.0125 0)
(0.986 0.0125 0)
(1.003 0.0125 0)
(1.02 0.0125 0)
(1.037 0.0125 0)
(1.054 0.0125 0)
(1.071 0.0125 0)
(1.088 0.0125 0)
(1.105 0.0125 0)
(1.122 0.0125 0)
(1.139 0.0125 0)
(1.156 0.0125 0)
(1.173 0.0125 0)
(1.19 0.0125 0)
(1.207 0.0125 0)
(1.224 0.0125 0)
(1.241 0.0125 0)
(1.258 0.0125 0)
(1.275 0.0125 0)
(1.292 0.0125 0)
(1.309 0.0125 0)
(1.326 0.0125 0)
(1.343 0.0125 0)
(1.36 0.0125 0)
(1.377 0.0125 0)
(1.394 0.0125 0)
(1.411 0.0125 0)
(1.428 0.0125 0)
(1.445 0.0125 0)
(1.462 0.0125 0)
(1.479 0.0125 0)
(1.496 0.0125 0)
(1.513 0.0125 0)
(1.53 0.0125 0)
(1.547 0.0125 0)
(1.564 0.0125 0)
(1.581 0.0125 0)
(1.598 0.0125 0)
(1.615 0.0125 0)
(1.632 0.0125 0)
(1.649 0.0125 0)
(1.666 0.0125 0)
(1.683 0.0125 0)
(1.7 0.0125 0)
(0 0.015 0)
(0.017 0.015 0)
(0.034 0.015 0)
(0.051 0.015 0)
(0.068 0.015 0)
(0.085 0.015 0)
(0.102 0.015 0)
(0.119 0.015 0)
(0.136 0.015 0)
(0.153 0.015 0)
(0.17 0.015 0)
(0.187 0.015 0)
(0.204 0.015 0)
(0.221 0.015 0)
(0.238 0.015 0)
(0.255 0.015 0)
(0.272 0.015 0)
(0.289 0.015 0)
(0.306 0.015 0)
(0.323 0.015 0)
(0.34 0.015 0)
(0.357 0.015 0)
(0.374 0.015 0)
(0.391 0.015 0)
(0.408 0.015 0)
(0.425 0.015 0)
(0.442 0.015 0)
(0.459 0.015 0)
(0.476 0.015 0)
(0.493 0.015 0)
(0.51 0.015 0)
(0.527 0.015 0)
(0.544 0.015 0)
(0.561 0.015 0)
(0.578 0.015 0)
(0.595 0.015 0)
(0.612 0.015 0)
(0.629 0.015 0)
(0.646 0.015 0)
(0.663 0.015 0)
(0.68 0.015 0)
(0.697 0.015 0)
(0.714 0.015 0)
(0.731 0.015 0)
(0.748 0.015 0)
(0.765 0.015 0)
(0.782 0.015 0)
(0.799 0.015 0)
(0.816 0.015 0)
(0.833 0.015 0)
(0.85 0.015 0)
(0.867 0.015 0)
(0.884 0.015 0)
(0.901 0.015 0)
(0.918 0.015 0)
(0.935 0.015 0)
(0.952 0.015 0)
(0.969 0.015 0)
(0.986 0.015 0)
(1.003 0.015 0)
(1.02 0.015 0)
(1.037 0.015 0)
(1.054 0.015 0)
(1.071 0.015 0)
(1.088 0.015 0)
(1.105 0.015 0)
(1.122 0.015 0)
(1.139 0.015 0)
(1.156 0.015 0)
(1.173 0.015 0)
(1.19 0.015 0)
(1.207 0.015 0)
(1.224 0.015 0)
(1.241 0.015 0)
(1.258 0.015 0)
(1.275 0.015 0)
(1.292 0.015 0)
(1.309 0.015 0)
(1.326 0.015 0)
(1.343 0.015 0)
(1.36 0.015 0)
(1.377 0.015 0)
(1.394 0.015 0)
(1.411 0.015 0)
(1.428 0.015 0)
(1.445 0.015 0)
(1.462 0.015 0)
(1.479 0.015 0)
(1.496 0.015 0)
(1.513 0.015 0)
(1.53 0.015 0)
(1.547 0.015 0)
(1.564 0.015 0)
(1.581 0.015 0)
(1.598 0.015 0)
(1.615 0.015 0)
(1.632 0.015 0)
(1.649 0.015 0)
(1.666 0.015 0)
(1.683 0.015 0)
(1.7 0.015 0)
(0 0.0175 0)
(0.017 0.0175 0)
(0.034 0.0175 0)
(0.051 0.0175 0)
(0.068 0.0175 0)
(0.085 0.0175 0)
(0.102 0.0175 0)
(0.119 0.0175 0)
(0.136 0.0175 0)
(0.153 0.0175 0)
(0.17 0.0175 0)
(0.187 0.0175 0)
(0.204 0.0175 0)
(0.221 0.0175 0)
(0.238 0.0175 0)
(0.255 0.0175 0)
(0.272 0.0175 0)
(0.289 0.0175 0)
(0.306 0.0175 0)
(0.323 0.0175 0)
(0.34 0.0175 0)
(0.357 0.0175 0)
(0.374 0.0175 0)
(0.391 0.0175 0)
(0.408 0.0175 0)
(0.425 0.0175 0)
(0.442 0.0175 0)
(0.459 0.0175 0)
(0.476 0.0175 0)
(0.493 0.0175 0)
(0.51 0.0175 0)
(0.527 0.0175 0)
(0.544 0.0175 0)
(0.561 0.0175 0)
(0.578 0.0175 0)
(0.595 0.0175 0)
(0.612 0.0175 0)
(0.629 0.0175 0)
(0.646 0.0175 0)
(0.663 0.0175 0)
(0.68 0.0175 0)
(0.697 0.0175 0)
(0.714 0.0175 0)
(0.731 0.0175 0)
(0.748 0.0175 0)
(0.765 0.0175 0)
(0.782 0.0175 0)
(0.799 0.0175 0)
(0.816 0.0175 0)
(0.833 0.0175 0)
(0.85 0.0175 0)
(0.867 0.0175 0)
(0.884 0.0175 0)
(0.901 0.0175 0)
(0.918 0.0175 0)
(0.935 0.0175 0)
(0.952 0.0175 0)
(0.969 0.0175 0)
(0.986 0.0175 0)
(1.003 0.0175 0)
(1.02 0.0175 0)
(1.037 0.0175 0)
(1.054 0.0175 0)
(1.071 0.0175 0)
(1.088 0.0175 0)
(1.105 0.0175 0)
(1.122 0.0175 0)
(1.139 0.0175 0)
(1.156 0.0175 0)
(1.173 0.0175 0)
(1.19 0.0175 0)
(1.207 0.0175 0)
(1.224 0.0175 0)
(1.241 0.0175 0)
(1.258 0.0175 0)
(1.275 0.0175 0)
(1.292 0.0175 0)
(1.309 0.0175 0)
(1.326 0.0175 0)
(1.343 0.0175 0)
(1.36 0.0175 0)
(1.377 0.0175 0)
(1.394 0.0175 0)
(1.411 0.0175 0)
(1.428 0.0175 0)
(1.445 0.0175 0)
(1.462 0.0175 0)
(1.479 0.0175 0)
(1.496 0.0175 0)
(1.513 0.0175 0)
(1.53 0.0175 0)
(1.547 0.0175 0)
(1.564 0.0175 0)
(1.581 0.0175 0)
(1.598 0.0175 0)
(1.615 0.0175 0)
(1.632 0.0175 0)
(1.649 0.0175 0)
(1.666 0.0175 0)
(1.683 0.0175 0)
(1.7 0.0175 0)
(0 0.02 0)
(0.017 0.02 0)
(0.034 0.02 0)
(0.051 0.02 0)
(0.068 0.02 0)
(0.085 0.02 0)
(0.102 0.02 0)
(0.119 0.02 0)
(0.136 0.02 0)
(0.153 0.02 0)
(0.17 0.02 0)
(0.187 0.02 0)
(0.204 0.02 0)
(0.221 0.02 0)
(0.238 0.02 0)
(0.255 0.02 0)
(0.272 0.02 0)
(0.289 0.02 0)
(0.306 0.02 0)
(0.323 0.02 0)
(0.34 0.02 0)
(0.357 0.02 0)
(0.374 0.02 0)
(0.391 0.02 0)
(0.408 0.02 0)
(0.425 0.02 0)
(0.442 0.02 0)
(0.459 0.02 0)
(0.476 0.02 0)
(0.493 0.02 0)
(0.51 0.02 0)
(0.527 0.02 0)
(0.544 0.02 0)
(0.561 0.02 0)
(0.578 0.02 0)
(0.595 0.02 0)
(0.612 0.02 0)
(0.629 0.02 0)
(0.646 0.02 0)
(0.663 0.02 0)
(0.68 0.02 0)
(0.697 0.02 0)
(0.714 0.02 0)
(0.731 0.02 0)
(0.748 0.02 0)
(0.765 0.02 0)
(0.782 0.02 0)
(0.799 0.02 0)
(0.816 0.02 0)
(0.833 0.02 0)
(0.85 0.02 0)
(0.867 0.02 0)
(0.884 0.02 0)
(0.901 0.02 0)
(0.918 0.02 0)
(0.935 0.02 0)
(0.952 0.02 0)
(0.969 0.02 0)
(0.986 0.02 0)
(1.003 0.02 0)
(1.02 0.02 0)
(1.037 0.02 0)
(1.054 0.02 0)
(1.071 0.02 0)
(1.088 0.02 0)
(1.105 0.02 0)
(1.122 0.02 0)
(1.139 0.02 0)
(1.156 0.02 0)
(1.173 0.02 0)
(1.19 0.02 0)
(1.207 0.02 0)
(1.224 0.02 0)
(1.241 0.02 0)
(1.258 0.02 0)
(1.275 0.02 0)
(1.292 0.02 0)
(1.309 0.02 0)
(1.326 0.02 0)
(1.343 0.02 0)
(1.36 0.02 0)
(1.377 0.02 0)
(1.394 0.02 0)
(1.411 0.02 0)
(1.428 0.02 0)
(1.445 0.02 0)
(1.462 0.02 0)
(1.479 0.02 0)
(1.496 0.02 0)
(1.513 0.02 0)
(1.53 0.02 0)
(1.547 0.02 0)
(1.564 0.02 0)
(1.581 0.02 0)
(1.598 0.02 0)
(1.615 0.02 0)
(1.632 0.02 0)
(1.649 0.02 0)
(1.666 0.02 0)
(1.683 0.02 0)
(1.7 0.02 0)
(0 0.0225 0)
(0.017 0.0225 0)
(0.034 0.0225 0)
(0.051 0.0225 0)
(0.068 0.0225 0)
(0.085 0.0225 0)
(0.102 0.0225 0)
(0.119 0.0225 0)
(0.136 0.0225 0)
(0.153 0.0225 0)
(0.17 0.0225 0)
(0.187 0.0225 0)
(0.204 0.0225 0)
(0.221 0.0225 0)
(0.238 0.0225 0)
(0.255 0.0225 0)
(0.272 0.0225 0)
(0.289 0.0225 0)
(0.306 0.0225 0)
(0.323 0.0225 0)
(0.34 0.0225 0)
(0.357 0.0225 0)
(0.374 0.0225 0)
(0.391 0.0225 0)
(0.408 0.0225 0)
(0.425 0.0225 0)
(0.442 0.0225 0)
(0.459 0.0225 0)
(0.476 0.0225 0)
(0.493 0.0225 0)
(0.51 0.0225 0)
(0.527 0.0225 0)
(0.544 0.0225 0)
(0.561 0.0225 0)
(0.578 0.0225 0)
(0.595 0.0225 0)
(0.612 0.0225 0)
(0.629 0.0225 0)
(0.646 0.0225 0)
(0.663 0.0225 0)
(0.68 0.0225 0)
(0.697 0.0225 0)
(0.714 0.0225 0)
(0.731 0.0225 0)
(0.748 0.0225 0)
(0.765 0.0225 0)
(0.782 0.0225 0)
(0.799 0.0225 0)
(0.816 0.0225 0)
(0.833 0.0225 0)
(0.85 0.0225 0)
(0.867 0.0225 0)
(0.884 0.0225 0)
(0.901 0.0225 0)
(0.918 0.0225 0)
(0.935 0.0225 0)
(0.952 0.0225 0)
(0.969 0.0225 0)
(0.986 0.0225 0)
(1.003 0.0225 0)
(1.02 0.0225 0)
(1.037 0.0225 0)
(1.054 0.0225 0)
(1.071 0.0225 0)
(1.088 0.0225 0)
(1.105 0.0225 0)
(1.122 0.0225 0)
(1.139 0.0225 0)
(1.156 0.0225 0)
(1.173 0.0225 0)
(1.19 0.0225 0)
(1.207 0.0225 0)
(1.224 0.0225 0)
(1.241 0.0225 0)
(1.258 0.0225 0)
(1.275 0.0225 0)
(1.292 0.0225 0)
(1.309 0.0225 0)
(1.326 0.0225 0)
(1.343 0.0225 0)
(1.36 0.0225 0)
(1.377 0.0225 0)
(1.394 0.0225 0)
(1.411 0.0225 0)
(1.428 0.0225 0)
(1.445 0.0225 0)
(1.462 0.0225 0)
(1.479 0.0225 0)
(1.496 0.0225 0)
(1.513 0.0225 0)
(1.53 0.0225 0)
(1.547 0.0225 0)
(1.564 0.0225 0)
(1.581 0.0225 0)
(1.598 0.0225 0)
(1.615 0.0225 0)
(1.632 0.0225 0)
(1.649 0.0225 0)
(1.666 0.0225 0)
(1.683 0.0225 0)
(1.7 0.0225 0)
(0 0.025 0)
(0.017 0.025 0)
(0.034 0.025 0)
(0.051 0.025 0)
(0.068 0.025 0)
(0.085 0.025 0)
(0.102 0.025 0)
(0.119 0.025 0)
(0.136 0.025 0)
(0.153 0.025 0)
(0.17 0.025 0)
(0.187 0.025 0)
(0.204 0.025 0)
(0.221 0.025 0)
(0.238 0.025 0)
(0.255 0.025 0)
(0.272 0.025 0)
(0.289 0.025 0)
(0.306 0.025 0)
(0.323 0.025 0)
(0.34 0.025 0)
(0.357 0.025 0)
(0.374 0.025 0)
(0.391 0.025 0)
(0.408 0.025 0)
(0.425 0.025 0)
(0.442 0.025 0)
(0.459 0.025 0)
(0.476 0.025 0)
(0.493 0.025 0)
(0.51 0.025 0)
(0.527 0.025 0)
(0.544 0.025 0)
(0.561 0.025 0)
(0.578 0.025 0)
(0.595 0.025 0)
(0.612 0.025 0)
(0.629 0.025 0)
(0.646 0.025 0)
(0.663 0.025 0)
(0.68 0.025 0)
(0.697 0.025 0)
(0.714 0.025 0)
(0.731 0.025 0)
(0.748 0.025 0)
(0.765 0.025 0)
(0.782 0.025 0)
(0.799 0.025 0)
(0.816 0.025 0)
(0.833 0.025 0)
(0.85 0.025 0)
(0.867 0.025 0)
(0.884 0.025 0)
(0.901 0.025 0)
(0.918 0.025 0)
(0.935 0.025 0)
(0.952 0.025 0)
(0.969 0.025 0)
(0.986 0.025 0)
(1.003 0.025 0)
(1.02 0.025 0)
(1.037 0.025 0)
(1.054 0.025 0)
(1.071 0.025 0)
(1.088 0.025 0)
(1.105 0.025 0)
(1.122 0.025 0)
(1.139 0.025 0)
(1.156 0.025 0)
(1.173 0.025 0)
(1.19 0.025 0)
(1.207 0.025 0)
(1.224 0.025 0)
(1.241 0.025 0)
(1.258 0.025 0)
(1.275 0.025 0)
(1.292 0.025 0)
(1.309 0.025 0)
(1.326 0.025 0)
(1.343 0.025 0)
(1.36 0.025 0)
(1.377 0.025 0)
(1.394 0.025 0)
(1.411 0.025 0)
(1.428 0.025 0)
(1.445 0.025 0)
(1.462 0.025 0)
(1.479 0.025 0)
(1.496 0.025 0)
(1.513 0.025 0)
(1.53 0.025 0)
(1.547 0.025 0)
(1.564 0.025 0)
(1.581 0.025 0)
(1.598 0.025 0)
(1.615 0.025 0)
(1.632 0.025 0)
(1.649 0.025 0)
(1.666 0.025 0)
(1.683 0.025 0)
(1.7 0.025 0)
(0 0.0275 0)
(0.017 0.0275 0)
(0.034 0.0275 0)
(0.051 0.0275 0)
(0.068 0.0275 0)
(0.085 0.0275 0)
(0.102 0.0275 0)
(0.119 0.0275 0)
(0.136 0.0275 0)
(0.153 0.0275 0)
(0.17 0.0275 0)
(0.187 0.0275 0)
(0.204 0.0275 0)
(0.221 0.0275 0)
(0.238 0.0275 0)
(0.255 0.0275 0)
(0.272 0.0275 0)
(0.289 0.0275 0)
(0.306 0.0275 0)
(0.323 0.0275 0)
(0.34 0.0275 0)
(0.357 0.0275 0)
(0.374 0.0275 0)
(0.391 0.0275 0)
(0.408 0.0275 0)
(0.425 0.0275 0)
(0.442 0.0275 0)
(0.459 0.0275 0)
(0.476 0.0275 0)
(0.493 0.0275 0)
(0.51 0.0275 0)
(0.527 0.0275 0)
(0.544 0.0275 0)
(0.561 0.0275 0)
(0.578 0.0275 0)
(0.595 0.0275 0)
(0.612 0.0275 0)
(0.629 0.0275 0)
(0.646 0.0275 0)
(0.663 0.0275 0)
(0.68 0.0275 0)
(0.697 0.0275 0)
(0.714 0.0275 0)
(0.731 0.0275 0)
(0.748 0.0275 0)
(0.765 0.0275 0)
(0.782 0.0275 0)
(0.799 0.0275 0)
(0.816 0.0275 0)
(0.833 0.0275 0)
(0.85 0.0275 0)
(0.867 0.0275 0)
(0.884 0.0275 0)
(0.901 0.0275 0)
(0.918 0.0275 0)
(0.935 0.0275 0)
(0.952 0.0275 0)
(0.969 0.0275 0)
(0.986 0.0275 0)
(1.003 0.0275 0)
(1.02 0.0275 0)
(1.037 0.0275 0)
(1.054 0.0275 0)
(1.071 0.0275 0)
(1.088 0.0275 0)
(1.105 0.0275 0)
(1.122 0.0275 0)
(1.139 0.0275 0)
(1.156 0.0275 0)
(1.173 0.0275 0)
(1.19 0.0275 0)
(1.207 0.0275 0)
(1.224 0.0275 0)
(1.241 0.0275 0)
(1.258 0.0275 0)
(1.275 0.0275 0)
(1.292 0.0275 0)
(1.309 0.0275 0)
(1.326 0.0275 0)
(1.343 0.0275 0)
(1.36 0.0275 0)
(1.377 0.0275 0)
(1.394 0.0275 0)
(1.411 0.0275 0)
(1.428 0.0275 0)
(1.445 0.0275 0)
(1.462 0.0275 0)
(1.479 0.0275 0)
(1.496 0.0275 0)
(1.513 0.0275 0)
(1.53 0.0275 0)
(1.547 0.0275 0)
(1.564 0.0275 0)
(1.581 0.0275 0)
(1.598 0.0275 0)
(1.615 0.0275 0)
(1.632 0.0275 0)
(1.649 0.0275 0)
(1.666 0.0275 0)
(1.683 0.0275 0)
(1.7 0.0275 0)
(0 0.03 0)
(0.017 0.03 0)
(0.034 0.03 0)
(0.051 0.03 0)
(0.068 0.03 0)
(0.085 0.03 0)
(0.102 0.03 0)
(0.119 0.03 0)
(0.136 0.03 0)
(0.153 0.03 0)
(0.17 0.03 0)
(0.187 0.03 0)
(0.204 0.03 0)
(0.221 0.03 0)
(0.238 0.03 0)
(0.255 0.03 0)
(0.272 0.03 0)
(0.289 0.03 0)
(0.306 0.03 0)
(0.323 0.03 0)
(0.34 0.03 0)
(0.357 0.03 0)
(0.374 0.03 0)
(0.391 0.03 0)
(0.408 0.03 0)
(0.425 0.03 0)
(0.442 0.03 0)
(0.459 0.03 0)
(0.476 0.03 0)
(0.493 0.03 0)
(0.51 0.03 0)
(0.527 0.03 0)
(0.544 0.03 0)
(0.561 0.03 0)
(0.578 0.03 0)
(0.595 0.03 0)
(0.612 0.03 0)
(0.629 0.03 0)
(0.646 0.03 0)
(0.663 0.03 0)
(0.68 0.03 0)
(0.697 0.03 0)
(0.714 0.03 0)
(0.731 0.03 0)
(0.748 0.03 0)
(0.765 0.03 0)
(0.782 0.03 0)
(0.799 0.03 0)
(0.816 0.03 0)
(0.833 0.03 0)
(0.85 0.03 0)
(0.867 0.03 0)
(0.884 0.03 0)
(0.901 0.03 0)
(0.918 0.03 0)
(0.935 0.03 0)
(0.952 0.03 0)
(0.969 0.03 0)
(0.986 0.03 0)
(1.003 0.03 0)
(1.02 0.03 0)
(1.037 0.03 0)
(1.054 0.03 0)
(1.071 0.03 0)
(1.088 0.03 0)
(1.105 0.03 0)
(1.122 0.03 0)
(1.139 0.03 0)
(1.156 0.03 0)
(1.173 0.03 0)
(1.19 0.03 0)
(1.207 0.03 0)
(1.224 0.03 0)
(1.241 0.03 0)
(1.258 0.03 0)
(1.275 0.03 0)
(1.292 0.03 0)
(1.309 0.03 0)
(1.326 0.03 0)
(1.343 0.03 0)
(1.36 0.03 0)
(1.377 0.03 0)
(1.394 0.03 0)
(1.411 0.03 0)
(1.428 0.03 0)
(1.445 0.03 0)
(1.462 0.03 0)
(1.479 0.03 0)
(1.496 0.03 0)
(1.513 0.03 0)
(1.53 0.03 0)
(1.547 0.03 0)
(1.564 0.03 0)
(1.581 0.03 0)
(1.598 0.03 0)
(1.615 0.03 0)
(1.632 0.03 0)
(1.649 0.03 0)
(1.666 0.03 0)
(1.683 0.03 0)
(1.7 0.03 0)
(0 0.0325 0)
(0.017 0.0325 0)
(0.034 0.0325 0)
(0.051 0.0325 0)
(0.068 0.0325 0)
(0.085 0.0325 0)
(0.102 0.0325 0)
(0.119 0.0325 0)
(0.136 0.0325 0)
(0.153 0.0325 0)
(0.17 0.0325 0)
(0.187 0.0325 0)
(0.204 0.0325 0)
(0.221 0.0325 0)
(0.238 0.0325 0)
(0.255 0.0325 0)
(0.272 0.0325 0)
(0.289 0.0325 0)
(0.306 0.0325 0)
(0.323 0.0325 0)
(0.34 0.0325 0)
(0.357 0.0325 0)
(0.374 0.0325 0)
(0.391 0.0325 0)
(0.408 0.0325 0)
(0.425 0.0325 0)
(0.442 0.0325 0)
(0.459 0.0325 0)
(0.476 0.0325 0)
(0.493 0.0325 0)
(0.51 0.0325 0)
(0.527 0.0325 0)
(0.544 0.0325 0)
(0.561 0.0325 0)
(0.578 0.0325 0)
(0.595 0.0325 0)
(0.612 0.0325 0)
(0.629 0.0325 0)
(0.646 0.0325 0)
(0.663 0.0325 0)
(0.68 0.0325 0)
(0.697 0.0325 0)
(0.714 0.0325 0)
(0.731 0.0325 0)
(0.748 0.0325 0)
(0.765 0.0325 0)
(0.782 0.0325 0)
(0.799 0.0325 0)
(0.816 0.0325 0)
(0.833 0.0325 0)
(0.85 0.0325 0)
(0.867 0.0325 0)
(0.884 0.0325 0)
(0.901 0.0325 0)
(0.918 0.0325 0)
(0.935 0.0325 0)
(0.952 0.0325 0)
(0.969 0.0325 0)
(0.986 0.0325 0)
(1.003 0.0325 0)
(1.02 0.0325 0)
(1.037 0.0325 0)
(1.054 0.0325 0)
(1.071 0.0325 0)
(1.088 0.0325 0)
(1.105 0.0325 0)
(1.122 0.0325 0)
(1.139 0.0325 0)
(1.156 0.0325 0)
(1.173 0.0325 0)
(1.19 0.0325 0)
(1.207 0.0325 0)
(1.224 0.0325 0)
(1.241 0.0325 0)
(1.258 0.0325 0)
(1.275 0.0325 0)
(1.292 0.0325 0)
(1.309 0.0325 0)
(1.326 0.0325 0)
(1.343 0.0325 0)
(1.36 0.0325 0)
(1.377 0.0325 0)
(1.394 0.0325 0)
(1.411 0.0325 0)
(1.428 0.0325 0)
(1.445 0.0325 0)
(1.462 0.0325 0)
(1.479 0.0325 0)
(1.496 0.0325 0)
(1.513 0.0325 0)
(1.53 0.0325 0)
(1.547 0.0325 0)
(1.564 0.0325 0)
(1.581 0.0325 0)
(1.598 0.0325 0)
(1.615 0.0325 0)
(1.632 0.0325 0)
(1.649 0.0325 0)
(1.666 0.0325 0)
(1.683 0.0325 0)
(1.7 0.0325 0)
(0 0.035 0)
(0.017 0.035 0)
(0.034 0.035 0)
(0.051 0.035 0)
(0.068 0.035 0)
(0.085 0.035 0)
(0.102 0.035 0)
(0.119 0.035 0)
(0.136 0.035 0)
(0.153 0.035 0)
(0.17 0.035 0)
(0.187 0.035 0)
(0.204 0.035 0)
(0.221 0.035 0)
(0.238 0.035 0)
(0.255 0.035 0)
(0.272 0.035 0)
(0.289 0.035 0)
(0.306 0.035 0)
(0.323 0.035 0)
(0.34 0.035 0)
(0.357 0.035 0)
(0.374 0.035 0)
(0.391 0.035 0)
(0.408 0.035 0)
(0.425 0.035 0)
(0.442 0.035 0)
(0.459 0.035 0)
(0.476 0.035 0)
(0.493 0.035 0)
(0.51 0.035 0)
(0.527 0.035 0)
(0.544 0.035 0)
(0.561 0.035 0)
(0.578 0.035 0)
(0.595 0.035 0)
(0.612 0.035 0)
(0.629 0.035 0)
(0.646 0.035 0)
(0.663 0.035 0)
(0.68 0.035 0)
(0.697 0.035 0)
(0.714 0.035 0)
(0.731 0.035 0)
(0.748 0.035 0)
(0.765 0.035 0)
(0.782 0.035 0)
(0.799 0.035 0)
(0.816 0.035 0)
(0.833 0.035 0)
(0.85 0.035 0)
(0.867 0.035 0)
(0.884 0.035 0)
(0.901 0.035 0)
(0.918 0.035 0)
(0.935 0.035 0)
(0.952 0.035 0)
(0.969 0.035 0)
(0.986 0.035 0)
(1.003 0.035 0)
(1.02 0.035 0)
(1.037 0.035 0)
(1.054 0.035 0)
(1.071 0.035 0)
(1.088 0.035 0)
(1.105 0.035 0)
(1.122 0.035 0)
(1.139 0.035 0)
(1.156 0.035 0)
(1.173 0.035 0)
(1.19 0.035 0)
(1.207 0.035 0)
(1.224 0.035 0)
(1.241 0.035 0)
(1.258 0.035 0)
(1.275 0.035 0)
(1.292 0.035 0)
(1.309 0.035 0)
(1.326 0.035 0)
(1.343 0.035 0)
(1.36 0.035 0)
(1.377 0.035 0)
(1.394 0.035 0)
(1.411 0.035 0)
(1.428 0.035 0)
(1.445 0.035 0)
(1.462 0.035 0)
(1.479 0.035 0)
(1.496 0.035 0)
(1.513 0.035 0)
(1.53 0.035 0)
(1.547 0.035 0)
(1.564 0.035 0)
(1.581 0.035 0)
(1.598 0.035 0)
(1.615 0.035 0)
(1.632 0.035 0)
(1.649 0.035 0)
(1.666 0.035 0)
(1.683 0.035 0)
(1.7 0.035 0)
(0 0.0375 0)
(0.017 0.0375 0)
(0.034 0.0375 0)
(0.051 0.0375 0)
(0.068 0.0375 0)
(0.085 0.0375 0)
(0.102 0.0375 0)
(0.119 0.0375 0)
(0.136 0.0375 0)
(0.153 0.0375 0)
(0.17 0.0375 0)
(0.187 0.0375 0)
(0.204 0.0375 0)
(0.221 0.0375 0)
(0.238 0.0375 0)
(0.255 0.0375 0)
(0.272 0.0375 0)
(0.289 0.0375 0)
(0.306 0.0375 0)
(0.323 0.0375 0)
(0.34 0.0375 0)
(0.357 0.0375 0)
(0.374 0.0375 0)
(0.391 0.0375 0)
(0.408 0.0375 0)
(0.425 0.0375 0)
(0.442 0.0375 0)
(0.459 0.0375 0)
(0.476 0.0375 0)
(0.493 0.0375 0)
(0.51 0.0375 0)
(0.527 0.0375 0)
(0.544 0.0375 0)
(0.561 0.0375 0)
(0.578 0.0375 0)
(0.595 0.0375 0)
(0.612 0.0375 0)
(0.629 0.0375 0)
(0.646 0.0375 0)
(0.663 0.0375 0)
(0.68 0.0375 0)
(0.697 0.0375 0)
(0.714 0.0375 0)
(0.731 0.0375 0)
(0.748 0.0375 0)
(0.765 0.0375 0)
(0.782 0.0375 0)
(0.799 0.0375 0)
(0.816 0.0375 0)
(0.833 0.0375 0)
(0.85 0.0375 0)
(0.867 0.0375 0)
(0.884 0.0375 0)
(0.901 0.0375 0)
(0.918 0.0375 0)
(0.935 0.0375 0)
(0.952 0.0375 0)
(0.969 0.0375 0)
(0.986 0.0375 0)
(1.003 0.0375 0)
(1.02 0.0375 0)
(1.037 0.0375 0)
(1.054 0.0375 0)
(1.071 0.0375 0)
(1.088 0.0375 0)
(1.105 0.0375 0)
(1.122 0.0375 0)
(1.139 0.0375 0)
(1.156 0.0375 0)
(1.173 0.0375 0)
(1.19 0.0375 0)
(1.207 0.0375 0)
(1.224 0.0375 0)
(1.241 0.0375 0)
(1.258 0.0375 0)
(1.275 0.0375 0)
(1.292 0.0375 0)
(1.309 0.0375 0)
(1.326 0.0375 0)
(1.343 0.0375 0)
(1.36 0.0375 0)
(1.377 0.0375 0)
(1.394 0.0375 0)
(1.411 0.0375 0)
(1.428 0.0375 0)
(1.445 0.0375 0)
(1.462 0.0375 0)
(1.479 0.0375 0)
(1.496 0.0375 0)
(1.513 0.0375 0)
(1.53 0.0375 0)
(1.547 0.0375 0)
(1.564 0.0375 0)
(1.581 0.0375 0)
(1.598 0.0375 0)
(1.615 0.0375 0)
(1.632 0.0375 0)
(1.649 0.0375 0)
(1.666 0.0375 0)
(1.683 0.0375 0)
(1.7 0.0375 0)
(0 0.04 0)
(0.017 0.04 0)
(0.034 0.04 0)
(0.051 0.04 0)
(0.068 0.04 0)
(0.085 0.04 0)
(0.102 0.04 0)
(0.119 0.04 0)
(0.136 0.04 0)
(0.153 0.04 0)
(0.17 0.04 0)
(0.187 0.04 0)
(0.204 0.04 0)
(0.221 0.04 0)
(0.238 0.04 0)
(0.255 0.04 0)
(0.272 0.04 0)
(0.289 0.04 0)
(0.306 0.04 0)
(0.323 0.04 0)
(0.34 0.04 0)
(0.357 0.04 0)
(0.374 0.04 0)
(0.391 0.04 0)
(0.408 0.04 0)
(0.425 0.04 0)
(0.442 0.04 0)
(0.459 0.04 0)
(0.476 0.04 0)
(0.493 0.04 0)
(0.51 0.04 0)
(0.527 0.04 0)
(0.544 0.04 0)
(0.561 0.04 0)
(0.578 0.04 0)
(0.595 0.04 0)
(0.612 0.04 0)
(0.629 0.04 0)
(0.646 0.04 0)
(0.663 0.04 0)
(0.68 0.04 0)
(0.697 0.04 0)
(0.714 0.04 0)
(0.731 0.04 0)
(0.748 0.04 0)
(0.765 0.04 0)
(0.782 0.04 0)
(0.799 0.04 0)
(0.816 0.04 0)
(0.833 0.04 0)
(0.85 0.04 0)
(0.867 0.04 0)
(0.884 0.04 0)
(0.901 0.04 0)
(0.918 0.04 0)
(0.935 0.04 0)
(0.952 0.04 0)
(0.969 0.04 0)
(0.986 0.04 0)
(1.003 0.04 0)
(1.02 0.04 0)
(1.037 0.04 0)
(1.054 0.04 0)
(1.071 0.04 0)
(1.088 0.04 0)
(1.105 0.04 0)
(1.122 0.04 0)
(1.139 0.04 0)
(1.156 0.04 0)
(1.173 0.04 0)
(1.19 0.04 0)
(1.207 0.04 0)
(1.224 0.04 0)
(1.241 0.04 0)
(1.258 0.04 0)
(1.275 0.04 0)
(1.292 0.04 0)
(1.309 0.04 0)
(1.326 0.04 0)
(1.343 0.04 0)
(1.36 0.04 0)
(1.377 0.04 0)
(1.394 0.04 0)
(1.411 0.04 0)
(1.428 0.04 0)
(1.445 0.04 0)
(1.462 0.04 0)
(1.479 0.04 0)
(1.496 0.04 0)
(1.513 0.04 0)
(1.53 0.04 0)
(1.547 0.04 0)
(1.564 0.04 0)
(1.581 0.04 0)
(1.598 0.04 0)
(1.615 0.04 0)
(1.632 0.04 0)
(1.649 0.04 0)
(1.666 0.04 0)
(1.683 0.04 0)
(1.7 0.04 0)
(0 0.0425 0)
(0.017 0.0425 0)
(0.034 0.0425 0)
(0.051 0.0425 0)
(0.068 0.0425 0)
(0.085 0.0425 0)
(0.102 0.0425 0)
(0.119 0.0425 0)
(0.136 0.0425 0)
(0.153 0.0425 0)
(0.17 0.0425 0)
(0.187 0.0425 0)
(0.204 0.0425 0)
(0.221 0.0425 0)
(0.238 0.0425 0)
(0.255 0.0425 0)
(0.272 0.0425 0)
(0.289 0.0425 0)
(0.306 0.0425 0)
(0.323 0.0425 0)
(0.34 0.0425 0)
(0.357 0.0425 0)
(0.374 0.0425 0)
(0.391 0.0425 0)
(0.408 0.0425 0)
(0.425 0.0425 0)
(0.442 0.0425 0)
(0.459 0.0425 0)
(0.476 0.0425 0)
(0.493 0.0425 0)
(0.51 0.0425 0)
(0.527 0.0425 0)
(0.544 0.0425 0)
(0.561 0.0425 0)
(0.578 0.0425 0)
(0.595 0.0425 0)
(0.612 0.0425 0)
(0.629 0.0425 0)
(0.646 0.0425 0)
(0.663 0.0425 0)
(0.68 0.0425 0)
(0.697 0.0425 0)
(0.714 0.0425 0)
(0.731 0.0425 0)
(0.748 0.0425 0)
(0.765 0.0425 0)
(0.782 0.0425 0)
(0.799 0.0425 0)
(0.816 0.0425 0)
(0.833 0.0425 0)
(0.85 0.0425 0)
(0.867 0.0425 0)
(0.884 0.0425 0)
(0.901 0.0425 0)
(0.918 0.0425 0)
(0.935 0.0425 0)
(0.952 0.0425 0)
(0.969 0.0425 0)
(0.986 0.0425 0)
(1.003 0.0425 0)
(1.02 0.0425 0)
(1.037 0.0425 0)
(1.054 0.0425 0)
(1.071 0.0425 0)
(1.088 0.0425 0)
(1.105 0.0425 0)
(1.122 0.0425 0)
(1.139 0.0425 0)
(1.156 0.0425 0)
(1.173 0.0425 0)
(1.19 0.0425 0)
(1.207 0.0425 0)
(1.224 0.0425 0)
(1.241 0.0425 0)
(1.258 0.0425 0)
(1.275 0.0425 0)
(1.292 0.0425 0)
(1.309 0.0425 0)
(1.326 0.0425 0)
(1.343 0.0425 0)
(1.36 0.0425 0)
(1.377 0.0425 0)
(1.394 0.0425 0)
(1.411 0.0425 0)
(1.428 0.0425 0)
(1.445 0.0425 0)
(1.462 0.0425 0)
(1.479 0.0425 0)
(1.496 0.0425 0)
(1.513 0.0425 0)
(1.53 0.0425 0)
(1.547 0.0425 0)
(1.564 0.0425 0)
(1.581 0.0425 0)
(1.598 0.0425 0)
(1.615 0.0425 0)
(1.632 0.0425 0)
(1.649 0.0425 0)
(1.666 0.0425 0)
(1.683 0.0425 0)
(1.7 0.0425 0)
(0 0.045 0)
(0.017 0.045 0)
(0.034 0.045 0)
(0.051 0.045 0)
(0.068 0.045 0)
(0.085 0.045 0)
(0.102 0.045 0)
(0.119 0.045 0)
(0.136 0.045 0)
(0.153 0.045 0)
(0.17 0.045 0)
(0.187 0.045 0)
(0.204 0.045 0)
(0.221 0.045 0)
(0.238 0.045 0)
(0.255 0.045 0)
(0.272 0.045 0)
(0.289 0.045 0)
(0.306 0.045 0)
(0.323 0.045 0)
(0.34 0.045 0)
(0.357 0.045 0)
(0.374 0.045 0)
(0.391 0.045 0)
(0.408 0.045 0)
(0.425 0.045 0)
(0.442 0.045 0)
(0.459 0.045 0)
(0.476 0.045 0)
(0.493 0.045 0)
(0.51 0.045 0)
(0.527 0.045 0)
(0.544 0.045 0)
(0.561 0.045 0)
(0.578 0.045 0)
(0.595 0.045 0)
(0.612 0.045 0)
(0.629 0.045 0)
(0.646 0.045 0)
(0.663 0.045 0)
(0.68 0.045 0)
(0.697 0.045 0)
(0.714 0.045 0)
(0.731 0.045 0)
(0.748 0.045 0)
(0.765 0.045 0)
(0.782 0.045 0)
(0.799 0.045 0)
(0.816 0.045 0)
(0.833 0.045 0)
(0.85 0.045 0)
(0.867 0.045 0)
(0.884 0.045 0)
(0.901 0.045 0)
(0.918 0.045 0)
(0.935 0.045 0)
(0.952 0.045 0)
(0.969 0.045 0)
(0.986 0.045 0)
(1.003 0.045 0)
(1.02 0.045 0)
(1.037 0.045 0)
(1.054 0.045 0)
(1.071 0.045 0)
(1.088 0.045 0)
(1.105 0.045 0)
(1.122 0.045 0)
(1.139 0.045 0)
(1.156 0.045 0)
(1.173 0.045 0)
(1.19 0.045 0)
(1.207 0.045 0)
(1.224 0.045 0)
(1.241 0.045 0)
(1.258 0.045 0)
(1.275 0.045 0)
(1.292 0.045 0)
(1.309 0.045 0)
(1.326 0.045 0)
(1.343 0.045 0)
(1.36 0.045 0)
(1.377 0.045 0)
(1.394 0.045 0)
(1.411 0.045 0)
(1.428 0.045 0)
(1.445 0.045 0)
(1.462 0.045 0)
(1.479 0.045 0)
(1.496 0.045 0)
(1.513 0.045 0)
(1.53 0.045 0)
(1.547 0.045 0)
(1.564 0.045 0)
(1.581 0.045 0)
(1.598 0.045 0)
(1.615 0.045 0)
(1.632 0.045 0)
(1.649 0.045 0)
(1.666 0.045 0)
(1.683 0.045 0)
(1.7 0.045 0)
(0 0.0475 0)
(0.017 0.0475 0)
(0.034 0.0475 0)
(0.051 0.0475 0)
(0.068 0.0475 0)
(0.085 0.0475 0)
(0.102 0.0475 0)
(0.119 0.0475 0)
(0.136 0.0475 0)
(0.153 0.0475 0)
(0.17 0.0475 0)
(0.187 0.0475 0)
(0.204 0.0475 0)
(0.221 0.0475 0)
(0.238 0.0475 0)
(0.255 0.0475 0)
(0.272 0.0475 0)
(0.289 0.0475 0)
(0.306 0.0475 0)
(0.323 0.0475 0)
(0.34 0.0475 0)
(0.357 0.0475 0)
(0.374 0.0475 0)
(0.391 0.0475 0)
(0.408 0.0475 0)
(0.425 0.0475 0)
(0.442 0.0475 0)
(0.459 0.0475 0)
(0.476 0.0475 0)
(0.493 0.0475 0)
(0.51 0.0475 0)
(0.527 0.0475 0)
(0.544 0.0475 0)
(0.561 0.0475 0)
(0.578 0.0475 0)
(0.595 0.0475 0)
(0.612 0.0475 0)
(0.629 0.0475 0)
(0.646 0.0475 0)
(0.663 0.0475 0)
(0.68 0.0475 0)
(0.697 0.0475 0)
(0.714 0.0475 0)
(0.731 0.0475 0)
(0.748 0.0475 0)
(0.765 0.0475 0)
(0.782 0.0475 0)
(0.799 0.0475 0)
(0.816 0.0475 0)
(0.833 0.0475 0)
(0.85 0.0475 0)
(0.867 0.0475 0)
(0.884 0.0475 0)
(0.901 0.0475 0)
(0.918 0.0475 0)
(0.935 0.0475 0)
(0.952 0.0475 0)
(0.969 0.0475 0)
(0.986 0.0475 0)
(1.003 0.0475 0)
(1.02 0.0475 0)
(1.037 0.0475 0)
(1.054 0.0475 0)
(1.071 0.0475 0)
(1.088 0.0475 0)
(1.105 0.0475 0)
(1.122 0.0475 0)
(1.139 0.0475 0)
(1.156 0.0475 0)
(1.173 0.0475 0)
(1.19 0.0475 0)
(1.207 0.0475 0)
(1.224 0.0475 0)
(1.241 0.0475 0)
(1.258 0.0475 0)
(1.275 0.0475 0)
(1.292 0.0475 0)
(1.309 0.0475 0)
(1.326 0.0475 0)
(1.343 0.0475 0)
(1.36 0.0475 0)
(1.377 0.0475 0)
(1.394 0.0475 0)
(1.411 0.0475 0)
(1.428 0.0475 0)
(1.445 0.0475 0)
(1.462 0.0475 0)
(1.479 0.0475 0)
(1.496 0.0475 0)
(1.513 0.0475 0)
(1.53 0.0475 0)
(1.547 0.0475 0)
(1.564 0.0475 0)
(1.581 0.0475 0)
(1.598 0.0475 0)
(1.615 0.0475 0)
(1.632 0.0475 0)
(1.649 0.0475 0)
(1.666 0.0475 0)
(1.683 0.0475 0)
(1.7 0.0475 0)
(0 0.05 0)
(0.017 0.05 0)
(0.034 0.05 0)
(0.051 0.05 0)
(0.068 0.05 0)
(0.085 0.05 0)
(0.102 0.05 0)
(0.119 0.05 0)
(0.136 0.05 0)
(0.153 0.05 0)
(0.17 0.05 0)
(0.187 0.05 0)
(0.204 0.05 0)
(0.221 0.05 0)
(0.238 0.05 0)
(0.255 0.05 0)
(0.272 0.05 0)
(0.289 0.05 0)
(0.306 0.05 0)
(0.323 0.05 0)
(0.34 0.05 0)
(0.357 0.05 0)
(0.374 0.05 0)
(0.391 0.05 0)
(0.408 0.05 0)
(0.425 0.05 0)
(0.442 0.05 0)
(0.459 0.05 0)
(0.476 0.05 0)
(0.493 0.05 0)
(0.51 0.05 0)
(0.527 0.05 0)
(0.544 0.05 0)
(0.561 0.05 0)
(0.578 0.05 0)
(0.595 0.05 0)
(0.612 0.05 0)
(0.629 0.05 0)
(0.646 0.05 0)
(0.663 0.05 0)
(0.68 0.05 0)
(0.697 0.05 0)
(0.714 0.05 0)
(0.731 0.05 0)
(0.748 0.05 0)
(0.765 0.05 0)
(0.782 0.05 0)
(0.799 0.05 0)
(0.816 0.05 0)
(0.833 0.05 0)
(0.85 0.05 0)
(0.867 0.05 0)
(0.884 0.05 0)
(0.901 0.05 0)
(0.918 0.05 0)
(0.935 0.05 0)
(0.952 0.05 0)
(0.969 0.05 0)
(0.986 0.05 0)
(1.003 0.05 0)
(1.02 0.05 0)
(1.037 0.05 0)
(1.054 0.05 0)
(1.071 0.05 0)
(1.088 0.05 0)
(1.105 0.05 0)
(1.122 0.05 0)
(1.139 0.05 0)
(1.156 0.05 0)
(1.173 0.05 0)
(1.19 0.05 0)
(1.207 0.05 0)
(1.224 0.05 0)
(1.241 0.05 0)
(1.258 0.05 0)
(1.275 0.05 0)
(1.292 0.05 0)
(1.309 0.05 0)
(1.326 0.05 0)
(1.343 0.05 0)
(1.36 0.05 0)
(1.377 0.05 0)
(1.394 0.05 0)
(1.411 0.05 0)
(1.428 0.05 0)
(1.445 0.05 0)
(1.462 0.05 0)
(1.479 0.05 0)
(1.496 0.05 0)
(1.513 0.05 0)
(1.53 0.05 0)
(1.547 0.05 0)
(1.564 0.05 0)
(1.581 0.05 0)
(1.598 0.05 0)
(1.615 0.05 0)
(1.632 0.05 0)
(1.649 0.05 0)
(1.666 0.05 0)
(1.683 0.05 0)
(1.7 0.05 0)
(0 0 0.001)
(0.017 0 0.001)
(0.034 0 0.001)
(0.051 0 0.001)
(0.068 0 0.001)
(0.085 0 0.001)
(0.102 0 0.001)
(0.119 0 0.001)
(0.136 0 0.001)
(0.153 0 0.001)
(0.17 0 0.001)
(0.187 0 0.001)
(0.204 0 0.001)
(0.221 0 0.001)
(0.238 0 0.001)
(0.255 0 0.001)
(0.272 0 0.001)
(0.289 0 0.001)
(0.306 0 0.001)
(0.323 0 0.001)
(0.34 0 0.001)
(0.357 0 0.001)
(0.374 0 0.001)
(0.391 0 0.001)
(0.408 0 0.001)
(0.425 0 0.001)
(0.442 0 0.001)
(0.459 0 0.001)
(0.476 0 0.001)
(0.493 0 0.001)
(0.51 0 0.001)
(0.527 0 0.001)
(0.544 0 0.001)
(0.561 0 0.001)
(0.578 0 0.001)
(0.595 0 0.001)
(0.612 0 0.001)
(0.629 0 0.001)
(0.646 0 0.001)
(0.663 0 0.001)
(0.68 0 0.001)
(0.697 0 0.001)
(0.714 0 0.001)
(0.731 0 0.001)
(0.748 0 0.001)
(0.765 0 0.001)
(0.782 0 0.001)
(0.799 0 0.001)
(0.816 0 0.001)
(0.833 0 0.001)
(0.85 0 0.001)
(0.867 0 0.001)
(0.884 0 0.001)
(0.901 0 0.001)
(0.918 0 0.001)
(0.935 0 0.001)
(0.952 0 0.001)
(0.969 0 0.001)
(0.986 0 0.001)
(1.003 0 0.001)
(1.02 0 0.001)
(1.037 0 0.001)
(1.054 0 0.001)
(1.071 0 0.001)
(1.088 0 0.001)
(1.105 0 0.001)
(1.122 0 0.001)
(1.139 0 0.001)
(1.156 0 0.001)
(1.173 0 0.001)
(1.19 0 0.001)
(1.207 0 0.001)
(1.224 0 0.001)
(1.241 0 0.001)
(1.258 0 0.001)
(1.275 0 0.001)
(1.292 0 0.001)
(1.309 0 0.001)
(1.326 0 0.001)
(1.343 0 0.001)
(1.36 0 0.001)
(1.377 0 0.001)
(1.394 0 0.001)
(1.411 0 0.001)
(1.428 0 0.001)
(1.445 0 0.001)
(1.462 0 0.001)
(1.479 0 0.001)
(1.496 0 0.001)
(1.513 0 0.001)
(1.53 0 0.001)
(1.547 0 0.001)
(1.564 0 0.001)
(1.581 0 0.001)
(1.598 0 0.001)
(1.615 0 0.001)
(1.632 0 0.001)
(1.649 0 0.001)
(1.666 0 0.001)
(1.683 0 0.001)
(1.7 0 0.001)
(0 0.0025 0.001)
(0.017 0.0025 0.001)
(0.034 0.0025 0.001)
(0.051 0.0025 0.001)
(0.068 0.0025 0.001)
(0.085 0.0025 0.001)
(0.102 0.0025 0.001)
(0.119 0.0025 0.001)
(0.136 0.0025 0.001)
(0.153 0.0025 0.001)
(0.17 0.0025 0.001)
(0.187 0.0025 0.001)
(0.204 0.0025 0.001)
(0.221 0.0025 0.001)
(0.238 0.0025 0.001)
(0.255 0.0025 0.001)
(0.272 0.0025 0.001)
(0.289 0.0025 0.001)
(0.306 0.0025 0.001)
(0.323 0.0025 0.001)
(0.34 0.0025 0.001)
(0.357 0.0025 0.001)
(0.374 0.0025 0.001)
(0.391 0.0025 0.001)
(0.408 0.0025 0.001)
(0.425 0.0025 0.001)
(0.442 0.0025 0.001)
(0.459 0.0025 0.001)
(0.476 0.0025 0.001)
(0.493 0.0025 0.001)
(0.51 0.0025 0.001)
(0.527 0.0025 0.001)
(0.544 0.0025 0.001)
(0.561 0.0025 0.001)
(0.578 0.0025 0.001)
(0.595 0.0025 0.001)
(0.612 0.0025 0.001)
(0.629 0.0025 0.001)
(0.646 0.0025 0.001)
(0.663 0.0025 0.001)
(0.68 0.0025 0.001)
(0.697 0.0025 0.001)
(0.714 0.0025 0.001)
(0.731 0.0025 0.001)
(0.748 0.0025 0.001)
(0.765 0.0025 0.001)
(0.782 0.0025 0.001)
(0.799 0.0025 0.001)
(0.816 0.0025 0.001)
(0.833 0.0025 0.001)
(0.85 0.0025 0.001)
(0.867 0.0025 0.001)
(0.884 0.0025 0.001)
(0.901 0.0025 0.001)
(0.918 0.0025 0.001)
(0.935 0.0025 0.001)
(0.952 0.0025 0.001)
(0.969 0.0025 0.001)
(0.986 0.0025 0.001)
(1.003 0.0025 0.001)
(1.02 0.0025 0.001)
(1.037 0.0025 0.001)
(1.054 0.0025 0.001)
(1.071 0.0025 0.001)
(1.088 0.0025 0.001)
(1.105 0.0025 0.001)
(1.122 0.0025 0.001)
(1.139 0.0025 0.001)
(1.156 0.0025 0.001)
(1.173 0.0025 0.001)
(1.19 0.0025 0.001)
(1.207 0.0025 0.001)
(1.224 0.0025 0.001)
(1.241 0.0025 0.001)
(1.258 0.0025 0.001)
(1.275 0.0025 0.001)
(1.292 0.0025 0.001)
(1.309 0.0025 0.001)
(1.326 0.0025 0.001)
(1.343 0.0025 0.001)
(1.36 0.0025 0.001)
(1.377 0.0025 0.001)
(1.394 0.0025 0.001)
(1.411 0.0025 0.001)
(1.428 0.0025 0.001)
(1.445 0.0025 0.001)
(1.462 0.0025 0.001)
(1.479 0.0025 0.001)
(1.496 0.0025 0.001)
(1.513 0.0025 0.001)
(1.53 0.0025 0.001)
(1.547 0.0025 0.001)
(1.564 0.0025 0.001)
(1.581 0.0025 0.001)
(1.598 0.0025 0.001)
(1.615 0.0025 0.001)
(1.632 0.0025 0.001)
(1.649 0.0025 0.001)
(1.666 0.0025 0.001)
(1.683 0.0025 0.001)
(1.7 0.0025 0.001)
(0 0.005 0.001)
(0.017 0.005 0.001)
(0.034 0.005 0.001)
(0.051 0.005 0.001)
(0.068 0.005 0.001)
(0.085 0.005 0.001)
(0.102 0.005 0.001)
(0.119 0.005 0.001)
(0.136 0.005 0.001)
(0.153 0.005 0.001)
(0.17 0.005 0.001)
(0.187 0.005 0.001)
(0.204 0.005 0.001)
(0.221 0.005 0.001)
(0.238 0.005 0.001)
(0.255 0.005 0.001)
(0.272 0.005 0.001)
(0.289 0.005 0.001)
(0.306 0.005 0.001)
(0.323 0.005 0.001)
(0.34 0.005 0.001)
(0.357 0.005 0.001)
(0.374 0.005 0.001)
(0.391 0.005 0.001)
(0.408 0.005 0.001)
(0.425 0.005 0.001)
(0.442 0.005 0.001)
(0.459 0.005 0.001)
(0.476 0.005 0.001)
(0.493 0.005 0.001)
(0.51 0.005 0.001)
(0.527 0.005 0.001)
(0.544 0.005 0.001)
(0.561 0.005 0.001)
(0.578 0.005 0.001)
(0.595 0.005 0.001)
(0.612 0.005 0.001)
(0.629 0.005 0.001)
(0.646 0.005 0.001)
(0.663 0.005 0.001)
(0.68 0.005 0.001)
(0.697 0.005 0.001)
(0.714 0.005 0.001)
(0.731 0.005 0.001)
(0.748 0.005 0.001)
(0.765 0.005 0.001)
(0.782 0.005 0.001)
(0.799 0.005 0.001)
(0.816 0.005 0.001)
(0.833 0.005 0.001)
(0.85 0.005 0.001)
(0.867 0.005 0.001)
(0.884 0.005 0.001)
(0.901 0.005 0.001)
(0.918 0.005 0.001)
(0.935 0.005 0.001)
(0.952 0.005 0.001)
(0.969 0.005 0.001)
(0.986 0.005 0.001)
(1.003 0.005 0.001)
(1.02 0.005 0.001)
(1.037 0.005 0.001)
(1.054 0.005 0.001)
(1.071 0.005 0.001)
(1.088 0.005 0.001)
(1.105 0.005 0.001)
(1.122 0.005 0.001)
(1.139 0.005 0.001)
(1.156 0.005 0.001)
(1.173 0.005 0.001)
(1.19 0.005 0.001)
(1.207 0.005 0.001)
(1.224 0.005 0.001)
(1.241 0.005 0.001)
(1.258 0.005 0.001)
(1.275 0.005 0.001)
(1.292 0.005 0.001)
(1.309 0.005 0.001)
(1.326 0.005 0.001)
(1.343 0.005 0.001)
(1.36 0.005 0.001)
(1.377 0.005 0.001)
(1.394 0.005 0.001)
(1.411 0.005 0.001)
(1.428 0.005 0.001)
(1.445 0.005 0.001)
(1.462 0.005 0.001)
(1.479 0.005 0.001)
(1.496 0.005 0.001)
(1.513 0.005 0.001)
(1.53 0.005 0.001)
(1.547 0.005 0.001)
(1.564 0.005 0.001)
(1.581 0.005 0.001)
(1.598 0.005 0.001)
(1.615 0.005 0.001)
(1.632 0.005 0.001)
(1.649 0.005 0.001)
(1.666 0.005 0.001)
(1.683 0.005 0.001)
(1.7 0.005 0.001)
(0 0.0075 0.001)
(0.017 0.0075 0.001)
(0.034 0.0075 0.001)
(0.051 0.0075 0.001)
(0.068 0.0075 0.001)
(0.085 0.0075 0.001)
(0.102 0.0075 0.001)
(0.119 0.0075 0.001)
(0.136 0.0075 0.001)
(0.153 0.0075 0.001)
(0.17 0.0075 0.001)
(0.187 0.0075 0.001)
(0.204 0.0075 0.001)
(0.221 0.0075 0.001)
(0.238 0.0075 0.001)
(0.255 0.0075 0.001)
(0.272 0.0075 0.001)
(0.289 0.0075 0.001)
(0.306 0.0075 0.001)
(0.323 0.0075 0.001)
(0.34 0.0075 0.001)
(0.357 0.0075 0.001)
(0.374 0.0075 0.001)
(0.391 0.0075 0.001)
(0.408 0.0075 0.001)
(0.425 0.0075 0.001)
(0.442 0.0075 0.001)
(0.459 0.0075 0.001)
(0.476 0.0075 0.001)
(0.493 0.0075 0.001)
(0.51 0.0075 0.001)
(0.527 0.0075 0.001)
(0.544 0.0075 0.001)
(0.561 0.0075 0.001)
(0.578 0.0075 0.001)
(0.595 0.0075 0.001)
(0.612 0.0075 0.001)
(0.629 0.0075 0.001)
(0.646 0.0075 0.001)
(0.663 0.0075 0.001)
(0.68 0.0075 0.001)
(0.697 0.0075 0.001)
(0.714 0.0075 0.001)
(0.731 0.0075 0.001)
(0.748 0.0075 0.001)
(0.765 0.0075 0.001)
(0.782 0.0075 0.001)
(0.799 0.0075 0.001)
(0.816 0.0075 0.001)
(0.833 0.0075 0.001)
(0.85 0.0075 0.001)
(0.867 0.0075 0.001)
(0.884 0.0075 0.001)
(0.901 0.0075 0.001)
(0.918 0.0075 0.001)
(0.935 0.0075 0.001)
(0.952 0.0075 0.001)
(0.969 0.0075 0.001)
(0.986 0.0075 0.001)
(1.003 0.0075 0.001)
(1.02 0.0075 0.001)
(1.037 0.0075 0.001)
(1.054 0.0075 0.001)
(1.071 0.0075 0.001)
(1.088 0.0075 0.001)
(1.105 0.0075 0.001)
(1.122 0.0075 0.001)
(1.139 0.0075 0.001)
(1.156 0.0075 0.001)
(1.173 0.0075 0.001)
(1.19 0.0075 0.001)
(1.207 0.0075 0.001)
(1.224 0.0075 0.001)
(1.241 0.0075 0.001)
(1.258 0.0075 0.001)
(1.275 0.0075 0.001)
(1.292 0.0075 0.001)
(1.309 0.0075 0.001)
(1.326 0.0075 0.001)
(1.343 0.0075 0.001)
(1.36 0.0075 0.001)
(1.377 0.0075 0.001)
(1.394 0.0075 0.001)
(1.411 0.0075 0.001)
(1.428 0.0075 0.001)
(1.445 0.0075 0.001)
(1.462 0.0075 0.001)
(1.479 0.0075 0.001)
(1.496 0.0075 0.001)
(1.513 0.0075 0.001)
(1.53 0.0075 0.001)
(1.547 0.0075 0.001)
(1.564 0.0075 0.001)
(1.581 0.0075 0.001)
(1.598 0.0075 0.001)
(1.615 0.0075 0.001)
(1.632 0.0075 0.001)
(1.649 0.0075 0.001)
(1.666 0.0075 0.001)
(1.683 0.0075 0.001)
(1.7 0.0075 0.001)
(0 0.01 0.001)
(0.017 0.01 0.001)
(0.034 0.01 0.001)
(0.051 0.01 0.001)
(0.068 0.01 0.001)
(0.085 0.01 0.001)
(0.102 0.01 0.001)
(0.119 0.01 0.001)
(0.136 0.01 0.001)
(0.153 0.01 0.001)
(0.17 0.01 0.001)
(0.187 0.01 0.001)
(0.204 0.01 0.001)
(0.221 0.01 0.001)
(0.238 0.01 0.001)
(0.255 0.01 0.001)
(0.272 0.01 0.001)
(0.289 0.01 0.001)
(0.306 0.01 0.001)
(0.323 0.01 0.001)
(0.34 0.01 0.001)
(0.357 0.01 0.001)
(0.374 0.01 0.001)
(0.391 0.01 0.001)
(0.408 0.01 0.001)
(0.425 0.01 0.001)
(0.442 0.01 0.001)
(0.459 0.01 0.001)
(0.476 0.01 0.001)
(0.493 0.01 0.001)
(0.51 0.01 0.001)
(0.527 0.01 0.001)
(0.544 0.01 0.001)
(0.561 0.01 0.001)
(0.578 0.01 0.001)
(0.595 0.01 0.001)
(0.612 0.01 0.001)
(0.629 0.01 0.001)
(0.646 0.01 0.001)
(0.663 0.01 0.001)
(0.68 0.01 0.001)
(0.697 0.01 0.001)
(0.714 0.01 0.001)
(0.731 0.01 0.001)
(0.748 0.01 0.001)
(0.765 0.01 0.001)
(0.782 0.01 0.001)
(0.799 0.01 0.001)
(0.816 0.01 0.001)
(0.833 0.01 0.001)
(0.85 0.01 0.001)
(0.867 0.01 0.001)
(0.884 0.01 0.001)
(0.901 0.01 0.001)
(0.918 0.01 0.001)
(0.935 0.01 0.001)
(0.952 0.01 0.001)
(0.969 0.01 0.001)
(0.986 0.01 0.001)
(1.003 0.01 0.001)
(1.02 0.01 0.001)
(1.037 0.01 0.001)
(1.054 0.01 0.001)
(1.071 0.01 0.001)
(1.088 0.01 0.001)
(1.105 0.01 0.001)
(1.122 0.01 0.001)
(1.139 0.01 0.001)
(1.156 0.01 0.001)
(1.173 0.01 0.001)
(1.19 0.01 0.001)
(1.207 0.01 0.001)
(1.224 0.01 0.001)
(1.241 0.01 0.001)
(1.258 0.01 0.001)
(1.275 0.01 0.001)
(1.292 0.01 0.001)
(1.309 0.01 0.001)
(1.326 0.01 0.001)
(1.343 0.01 0.001)
(1.36 0.01 0.001)
(1.377 0.01 0.001)
(1.394 0.01 0.001)
(1.411 0.01 0.001)
(1.428 0.01 0.001)
(1.445 0.01 0.001)
(1.462 0.01 0.001)
(1.479 0.01 0.001)
(1.496 0.01 0.001)
(1.513 0.01 0.001)
(1.53 0.01 0.001)
(1.547 0.01 0.001)
(1.564 0.01 0.001)
(1.581 0.01 0.001)
(1.598 0.01 0.001)
(1.615 0.01 0.001)
(1.632 0.01 0.001)
(1.649 0.01 0.001)
(1.666 0.01 0.001)
(1.683 0.01 0.001)
(1.7 0.01 0.001)
(0 0.0125 0.001)
(0.017 0.0125 0.001)
(0.034 0.0125 0.001)
(0.051 0.0125 0.001)
(0.068 0.0125 0.001)
(0.085 0.0125 0.001)
(0.102 0.0125 0.001)
(0.119 0.0125 0.001)
(0.136 0.0125 0.001)
(0.153 0.0125 0.001)
(0.17 0.0125 0.001)
(0.187 0.0125 0.001)
(0.204 0.0125 0.001)
(0.221 0.0125 0.001)
(0.238 0.0125 0.001)
(0.255 0.0125 0.001)
(0.272 0.0125 0.001)
(0.289 0.0125 0.001)
(0.306 0.0125 0.001)
(0.323 0.0125 0.001)
(0.34 0.0125 0.001)
(0.357 0.0125 0.001)
(0.374 0.0125 0.001)
(0.391 0.0125 0.001)
(0.408 0.0125 0.001)
(0.425 0.0125 0.001)
(0.442 0.0125 0.001)
(0.459 0.0125 0.001)
(0.476 0.0125 0.001)
(0.493 0.0125 0.001)
(0.51 0.0125 0.001)
(0.527 0.0125 0.001)
(0.544 0.0125 0.001)
(0.561 0.0125 0.001)
(0.578 0.0125 0.001)
(0.595 0.0125 0.001)
(0.612 0.0125 0.001)
(0.629 0.0125 0.001)
(0.646 0.0125 0.001)
(0.663 0.0125 0.001)
(0.68 0.0125 0.001)
(0.697 0.0125 0.001)
(0.714 0.0125 0.001)
(0.731 0.0125 0.001)
(0.748 0.0125 0.001)
(0.765 0.0125 0.001)
(0.782 0.0125 0.001)
(0.799 0.0125 0.001)
(0.816 0.0125 0.001)
(0.833 0.0125 0.001)
(0.85 0.0125 0.001)
(0.867 0.0125 0.001)
(0.884 0.0125 0.001)
(0.901 0.0125 0.001)
(0.918 0.0125 0.001)
(0.935 0.0125 0.001)
(0.952 0.0125 0.001)
(0.969 0.0125 0.001)
(0.986 0.0125 0.001)
(1.003 0.0125 0.001)
(1.02 0.0125 0.001)
(1.037 0.0125 0.001)
(1.054 0.0125 0.001)
(1.071 0.0125 0.001)
(1.088 0.0125 0.001)
(1.105 0.0125 0.001)
(1.122 0.0125 0.001)
(1.139 0.0125 0.001)
(1.156 0.0125 0.001)
(1.173 0.0125 0.001)
(1.19 0.0125 0.001)
(1.207 0.0125 0.001)
(1.224 0.0125 0.001)
(1.241 0.0125 0.001)
(1.258 0.0125 0.001)
(1.275 0.0125 0.001)
(1.292 0.0125 0.001)
(1.309 0.0125 0.001)
(1.326 0.0125 0.001)
(1.343 0.0125 0.001)
(1.36 0.0125 0.001)
(1.377 0.0125 0.001)
(1.394 0.0125 0.001)
(1.411 0.0125 0.001)
(1.428 0.0125 0.001)
(1.445 0.0125 0.001)
(1.462 0.0125 0.001)
(1.479 0.0125 0.001)
(1.496 0.0125 0.001)
(1.513 0.0125 0.001)
(1.53 0.0125 0.001)
(1.547 0.0125 0.001)
(1.564 0.0125 0.001)
(1.581 0.0125 0.001)
(1.598 0.0125 0.001)
(1.615 0.0125 0.001)
(1.632 0.0125 0.001)
(1.649 0.0125 0.001)
(1.666 0.0125 0.001)
(1.683 0.0125 0.001)
(1.7 0.0125 0.001)
(0 0.015 0.001)
(0.017 0.015 0.001)
(0.034 0.015 0.001)
(0.051 0.015 0.001)
(0.068 0.015 0.001)
(0.085 0.015 0.001)
(0.102 0.015 0.001)
(0.119 0.015 0.001)
(0.136 0.015 0.001)
(0.153 0.015 0.001)
(0.17 0.015 0.001)
(0.187 0.015 0.001)
(0.204 0.015 0.001)
(0.221 0.015 0.001)
(0.238 0.015 0.001)
(0.255 0.015 0.001)
(0.272 0.015 0.001)
(0.289 0.015 0.001)
(0.306 0.015 0.001)
(0.323 0.015 0.001)
(0.34 0.015 0.001)
(0.357 0.015 0.001)
(0.374 0.015 0.001)
(0.391 0.015 0.001)
(0.408 0.015 0.001)
(0.425 0.015 0.001)
(0.442 0.015 0.001)
(0.459 0.015 0.001)
(0.476 0.015 0.001)
(0.493 0.015 0.001)
(0.51 0.015 0.001)
(0.527 0.015 0.001)
(0.544 0.015 0.001)
(0.561 0.015 0.001)
(0.578 0.015 0.001)
(0.595 0.015 0.001)
(0.612 0.015 0.001)
(0.629 0.015 0.001)
(0.646 0.015 0.001)
(0.663 0.015 0.001)
(0.68 0.015 0.001)
(0.697 0.015 0.001)
(0.714 0.015 0.001)
(0.731 0.015 0.001)
(0.748 0.015 0.001)
(0.765 0.015 0.001)
(0.782 0.015 0.001)
(0.799 0.015 0.001)
(0.816 0.015 0.001)
(0.833 0.015 0.001)
(0.85 0.015 0.001)
(0.867 0.015 0.001)
(0.884 0.015 0.001)
(0.901 0.015 0.001)
(0.918 0.015 0.001)
(0.935 0.015 0.001)
(0.952 0.015 0.001)
(0.969 0.015 0.001)
(0.986 0.015 0.001)
(1.003 0.015 0.001)
(1.02 0.015 0.001)
(1.037 0.015 0.001)
(1.054 0.015 0.001)
(1.071 0.015 0.001)
(1.088 0.015 0.001)
(1.105 0.015 0.001)
(1.122 0.015 0.001)
(1.139 0.015 0.001)
(1.156 0.015 0.001)
(1.173 0.015 0.001)
(1.19 0.015 0.001)
(1.207 0.015 0.001)
(1.224 0.015 0.001)
(1.241 0.015 0.001)
(1.258 0.015 0.001)
(1.275 0.015 0.001)
(1.292 0.015 0.001)
(1.309 0.015 0.001)
(1.326 0.015 0.001)
(1.343 0.015 0.001)
(1.36 0.015 0.001)
(1.377 0.015 0.001)
(1.394 0.015 0.001)
(1.411 0.015 0.001)
(1.428 0.015 0.001)
(1.445 0.015 0.001)
(1.462 0.015 0.001)
(1.479 0.015 0.001)
(1.496 0.015 0.001)
(1.513 0.015 0.001)
(1.53 0.015 0.001)
(1.547 0.015 0.001)
(1.564 0.015 0.001)
(1.581 0.015 0.001)
(1.598 0.015 0.001)
(1.615 0.015 0.001)
(1.632 0.015 0.001)
(1.649 0.015 0.001)
(1.666 0.015 0.001)
(1.683 0.015 0.001)
(1.7 0.015 0.001)
(0 0.0175 0.001)
(0.017 0.0175 0.001)
(0.034 0.0175 0.001)
(0.051 0.0175 0.001)
(0.068 0.0175 0.001)
(0.085 0.0175 0.001)
(0.102 0.0175 0.001)
(0.119 0.0175 0.001)
(0.136 0.0175 0.001)
(0.153 0.0175 0.001)
(0.17 0.0175 0.001)
(0.187 0.0175 0.001)
(0.204 0.0175 0.001)
(0.221 0.0175 0.001)
(0.238 0.0175 0.001)
(0.255 0.0175 0.001)
(0.272 0.0175 0.001)
(0.289 0.0175 0.001)
(0.306 0.0175 0.001)
(0.323 0.0175 0.001)
(0.34 0.0175 0.001)
(0.357 0.0175 0.001)
(0.374 0.0175 0.001)
(0.391 0.0175 0.001)
(0.408 0.0175 0.001)
(0.425 0.0175 0.001)
(0.442 0.0175 0.001)
(0.459 0.0175 0.001)
(0.476 0.0175 0.001)
(0.493 0.0175 0.001)
(0.51 0.0175 0.001)
(0.527 0.0175 0.001)
(0.544 0.0175 0.001)
(0.561 0.0175 0.001)
(0.578 0.0175 0.001)
(0.595 0.0175 0.001)
(0.612 0.0175 0.001)
(0.629 0.0175 0.001)
(0.646 0.0175 0.001)
(0.663 0.0175 0.001)
(0.68 0.0175 0.001)
(0.697 0.0175 0.001)
(0.714 0.0175 0.001)
(0.731 0.0175 0.001)
(0.748 0.0175 0.001)
(0.765 0.0175 0.001)
(0.782 0.0175 0.001)
(0.799 0.0175 0.001)
(0.816 0.0175 0.001)
(0.833 0.0175 0.001)
(0.85 0.0175 0.001)
(0.867 0.0175 0.001)
(0.884 0.0175 0.001)
(0.901 0.0175 0.001)
(0.918 0.0175 0.001)
(0.935 0.0175 0.001)
(0.952 0.0175 0.001)
(0.969 0.0175 0.001)
(0.986 0.0175 0.001)
(1.003 0.0175 0.001)
(1.02 0.0175 0.001)
(1.037 0.0175 0.001)
(1.054 0.0175 0.001)
(1.071 0.0175 0.001)
(1.088 0.0175 0.001)
(1.105 0.0175 0.001)
(1.122 0.0175 0.001)
(1.139 0.0175 0.001)
(1.156 0.0175 0.001)
(1.173 0.0175 0.001)
(1.19 0.0175 0.001)
(1.207 0.0175 0.001)
(1.224 0.0175 0.001)
(1.241 0.0175 0.001)
(1.258 0.0175 0.001)
(1.275 0.0175 0.001)
(1.292 0.0175 0.001)
(1.309 0.0175 0.001)
(1.326 0.0175 0.001)
(1.343 0.0175 0.001)
(1.36 0.0175 0.001)
(1.377 0.0175 0.001)
(1.394 0.0175 0.001)
(1.411 0.0175 0.001)
(1.428 0.0175 0.001)
(1.445 0.0175 0.001)
(1.462 0.0175 0.001)
(1.479 0.0175 0.001)
(1.496 0.0175 0.001)
(1.513 0.0175 0.001)
(1.53 0.0175 0.001)
(1.547 0.0175 0.001)
(1.564 0.0175 0.001)
(1.581 0.0175 0.001)
(1.598 0.0175 0.001)
(1.615 0.0175 0.001)
(1.632 0.0175 0.001)
(1.649 0.0175 0.001)
(1.666 0.0175 0.001)
(1.683 0.0175 0.001)
(1.7 0.0175 0.001)
(0 0.02 0.001)
(0.017 0.02 0.001)
(0.034 0.02 0.001)
(0.051 0.02 0.001)
(0.068 0.02 0.001)
(0.085 0.02 0.001)
(0.102 0.02 0.001)
(0.119 0.02 0.001)
(0.136 0.02 0.001)
(0.153 0.02 0.001)
(0.17 0.02 0.001)
(0.187 0.02 0.001)
(0.204 0.02 0.001)
(0.221 0.02 0.001)
(0.238 0.02 0.001)
(0.255 0.02 0.001)
(0.272 0.02 0.001)
(0.289 0.02 0.001)
(0.306 0.02 0.001)
(0.323 0.02 0.001)
(0.34 0.02 0.001)
(0.357 0.02 0.001)
(0.374 0.02 0.001)
(0.391 0.02 0.001)
(0.408 0.02 0.001)
(0.425 0.02 0.001)
(0.442 0.02 0.001)
(0.459 0.02 0.001)
(0.476 0.02 0.001)
(0.493 0.02 0.001)
(0.51 0.02 0.001)
(0.527 0.02 0.001)
(0.544 0.02 0.001)
(0.561 0.02 0.001)
(0.578 0.02 0.001)
(0.595 0.02 0.001)
(0.612 0.02 0.001)
(0.629 0.02 0.001)
(0.646 0.02 0.001)
(0.663 0.02 0.001)
(0.68 0.02 0.001)
(0.697 0.02 0.001)
(0.714 0.02 0.001)
(0.731 0.02 0.001)
(0.748 0.02 0.001)
(0.765 0.02 0.001)
(0.782 0.02 0.001)
(0.799 0.02 0.001)
(0.816 0.02 0.001)
(0.833 0.02 0.001)
(0.85 0.02 0.001)
(0.867 0.02 0.001)
(0.884 0.02 0.001)
(0.901 0.02 0.001)
(0.918 0.02 0.001)
(0.935 0.02 0.001)
(0.952 0.02 0.001)
(0.969 0.02 0.001)
(0.986 0.02 0.001)
(1.003 0.02 0.001)
(1.02 0.02 0.001)
(1.037 0.02 0.001)
(1.054 0.02 0.001)
(1.071 0.02 0.001)
(1.088 0.02 0.001)
(1.105 0.02 0.001)
(1.122 0.02 0.001)
(1.139 0.02 0.001)
(1.156 0.02 0.001)
(1.173 0.02 0.001)
(1.19 0.02 0.001)
(1.207 0.02 0.001)
(1.224 0.02 0.001)
(1.241 0.02 0.001)
(1.258 0.02 0.001)
(1.275 0.02 0.001)
(1.292 0.02 0.001)
(1.309 0.02 0.001)
(1.326 0.02 0.001)
(1.343 0.02 0.001)
(1.36 0.02 0.001)
(1.377 0.02 0.001)
(1.394 0.02 0.001)
(1.411 0.02 0.001)
(1.428 0.02 0.001)
(1.445 0.02 0.001)
(1.462 0.02 0.001)
(1.479 0.02 0.001)
(1.496 0.02 0.001)
(1.513 0.02 0.001)
(1.53 0.02 0.001)
(1.547 0.02 0.001)
(1.564 0.02 0.001)
(1.581 0.02 0.001)
(1.598 0.02 0.001)
(1.615 0.02 0.001)
(1.632 0.02 0.001)
(1.649 0.02 0.001)
(1.666 0.02 0.001)
(1.683 0.02 0.001)
(1.7 0.02 0.001)
(0 0.0225 0.001)
(0.017 0.0225 0.001)
(0.034 0.0225 0.001)
(0.051 0.0225 0.001)
(0.068 0.0225 0.001)
(0.085 0.0225 0.001)
(0.102 0.0225 0.001)
(0.119 0.0225 0.001)
(0.136 0.0225 0.001)
(0.153 0.0225 0.001)
(0.17 0.0225 0.001)
(0.187 0.0225 0.001)
(0.204 0.0225 0.001)
(0.221 0.0225 0.001)
(0.238 0.0225 0.001)
(0.255 0.0225 0.001)
(0.272 0.0225 0.001)
(0.289 0.0225 0.001)
(0.306 0.0225 0.001)
(0.323 0.0225 0.001)
(0.34 0.0225 0.001)
(0.357 0.0225 0.001)
(0.374 0.0225 0.001)
(0.391 0.0225 0.001)
(0.408 0.0225 0.001)
(0.425 0.0225 0.001)
(0.442 0.0225 0.001)
(0.459 0.0225 0.001)
(0.476 0.0225 0.001)
(0.493 0.0225 0.001)
(0.51 0.0225 0.001)
(0.527 0.0225 0.001)
(0.544 0.0225 0.001)
(0.561 0.0225 0.001)
(0.578 0.0225 0.001)
(0.595 0.0225 0.001)
(0.612 0.0225 0.001)
(0.629 0.0225 0.001)
(0.646 0.0225 0.001)
(0.663 0.0225 0.001)
(0.68 0.0225 0.001)
(0.697 0.0225 0.001)
(0.714 0.0225 0.001)
(0.731 0.0225 0.001)
(0.748 0.0225 0.001)
(0.765 0.0225 0.001)
(0.782 0.0225 0.001)
(0.799 0.0225 0.001)
(0.816 0.0225 0.001)
(0.833 0.0225 0.001)
(0.85 0.0225 0.001)
(0.867 0.0225 0.001)
(0.884 0.0225 0.001)
(0.901 0.0225 0.001)
(0.918 0.0225 0.001)
(0.935 0.0225 0.001)
(0.952 0.0225 0.001)
(0.969 0.0225 0.001)
(0.986 0.0225 0.001)
(1.003 0.0225 0.001)
(1.02 0.0225 0.001)
(1.037 0.0225 0.001)
(1.054 0.0225 0.001)
(1.071 0.0225 0.001)
(1.088 0.0225 0.001)
(1.105 0.0225 0.001)
(1.122 0.0225 0.001)
(1.139 0.0225 0.001)
(1.156 0.0225 0.001)
(1.173 0.0225 0.001)
(1.19 0.0225 0.001)
(1.207 0.0225 0.001)
(1.224 0.0225 0.001)
(1.241 0.0225 0.001)
(1.258 0.0225 0.001)
(1.275 0.0225 0.001)
(1.292 0.0225 0.001)
(1.309 0.0225 0.001)
(1.326 0.0225 0.001)
(1.343 0.0225 0.001)
(1.36 0.0225 0.001)
(1.377 0.0225 0.001)
(1.394 0.0225 0.001)
(1.411 0.0225 0.001)
(1.428 0.0225 0.001)
(1.445 0.0225 0.001)
(1.462 0.0225 0.001)
(1.479 0.0225 0.001)
(1.496 0.0225 0.001)
(1.513 0.0225 0.001)
(1.53 0.0225 0.001)
(1.547 0.0225 0.001)
(1.564 0.0225 0.001)
(1.581 0.0225 0.001)
(1.598 0.0225 0.001)
(1.615 0.0225 0.001)
(1.632 0.0225 0.001)
(1.649 0.0225 0.001)
(1.666 0.0225 0.001)
(1.683 0.0225 0.001)
(1.7 0.0225 0.001)
(0 0.025 0.001)
(0.017 0.025 0.001)
(0.034 0.025 0.001)
(0.051 0.025 0.001)
(0.068 0.025 0.001)
(0.085 0.025 0.001)
(0.102 0.025 0.001)
(0.119 0.025 0.001)
(0.136 0.025 0.001)
(0.153 0.025 0.001)
(0.17 0.025 0.001)
(0.187 0.025 0.001)
(0.204 0.025 0.001)
(0.221 0.025 0.001)
(0.238 0.025 0.001)
(0.255 0.025 0.001)
(0.272 0.025 0.001)
(0.289 0.025 0.001)
(0.306 0.025 0.001)
(0.323 0.025 0.001)
(0.34 0.025 0.001)
(0.357 0.025 0.001)
(0.374 0.025 0.001)
(0.391 0.025 0.001)
(0.408 0.025 0.001)
(0.425 0.025 0.001)
(0.442 0.025 0.001)
(0.459 0.025 0.001)
(0.476 0.025 0.001)
(0.493 0.025 0.001)
(0.51 0.025 0.001)
(0.527 0.025 0.001)
(0.544 0.025 0.001)
(0.561 0.025 0.001)
(0.578 0.025 0.001)
(0.595 0.025 0.001)
(0.612 0.025 0.001)
(0.629 0.025 0.001)
(0.646 0.025 0.001)
(0.663 0.025 0.001)
(0.68 0.025 0.001)
(0.697 0.025 0.001)
(0.714 0.025 0.001)
(0.731 0.025 0.001)
(0.748 0.025 0.001)
(0.765 0.025 0.001)
(0.782 0.025 0.001)
(0.799 0.025 0.001)
(0.816 0.025 0.001)
(0.833 0.025 0.001)
(0.85 0.025 0.001)
(0.867 0.025 0.001)
(0.884 0.025 0.001)
(0.901 0.025 0.001)
(0.918 0.025 0.001)
(0.935 0.025 0.001)
(0.952 0.025 0.001)
(0.969 0.025 0.001)
(0.986 0.025 0.001)
(1.003 0.025 0.001)
(1.02 0.025 0.001)
(1.037 0.025 0.001)
(1.054 0.025 0.001)
(1.071 0.025 0.001)
(1.088 0.025 0.001)
(1.105 0.025 0.001)
(1.122 0.025 0.001)
(1.139 0.025 0.001)
(1.156 0.025 0.001)
(1.173 0.025 0.001)
(1.19 0.025 0.001)
(1.207 0.025 0.001)
(1.224 0.025 0.001)
(1.241 0.025 0.001)
(1.258 0.025 0.001)
(1.275 0.025 0.001)
(1.292 0.025 0.001)
(1.309 0.025 0.001)
(1.326 0.025 0.001)
(1.343 0.025 0.001)
(1.36 0.025 0.001)
(1.377 0.025 0.001)
(1.394 0.025 0.001)
(1.411 0.025 0.001)
(1.428 0.025 0.001)
(1.445 0.025 0.001)
(1.462 0.025 0.001)
(1.479 0.025 0.001)
(1.496 0.025 0.001)
(1.513 0.025 0.001)
(1.53 0.025 0.001)
(1.547 0.025 0.001)
(1.564 0.025 0.001)
(1.581 0.025 0.001)
(1.598 0.025 0.001)
(1.615 0.025 0.001)
(1.632 0.025 0.001)
(1.649 0.025 0.001)
(1.666 0.025 0.001)
(1.683 0.025 0.001)
(1.7 0.025 0.001)
(0 0.0275 0.001)
(0.017 0.0275 0.001)
(0.034 0.0275 0.001)
(0.051 0.0275 0.001)
(0.068 0.0275 0.001)
(0.085 0.0275 0.001)
(0.102 0.0275 0.001)
(0.119 0.0275 0.001)
(0.136 0.0275 0.001)
(0.153 0.0275 0.001)
(0.17 0.0275 0.001)
(0.187 0.0275 0.001)
(0.204 0.0275 0.001)
(0.221 0.0275 0.001)
(0.238 0.0275 0.001)
(0.255 0.0275 0.001)
(0.272 0.0275 0.001)
(0.289 0.0275 0.001)
(0.306 0.0275 0.001)
(0.323 0.0275 0.001)
(0.34 0.0275 0.001)
(0.357 0.0275 0.001)
(0.374 0.0275 0.001)
(0.391 0.0275 0.001)
(0.408 0.0275 0.001)
(0.425 0.0275 0.001)
(0.442 0.0275 0.001)
(0.459 0.0275 0.001)
(0.476 0.0275 0.001)
(0.493 0.0275 0.001)
(0.51 0.0275 0.001)
(0.527 0.0275 0.001)
(0.544 0.0275 0.001)
(0.561 0.0275 0.001)
(0.578 0.0275 0.001)
(0.595 0.0275 0.001)
(0.612 0.0275 0.001)
(0.629 0.0275 0.001)
(0.646 0.0275 0.001)
(0.663 0.0275 0.001)
(0.68 0.0275 0.001)
(0.697 0.0275 0.001)
(0.714 0.0275 0.001)
(0.731 0.0275 0.001)
(0.748 0.0275 0.001)
(0.765 0.0275 0.001)
(0.782 0.0275 0.001)
(0.799 0.0275 0.001)
(0.816 0.0275 0.001)
(0.833 0.0275 0.001)
(0.85 0.0275 0.001)
(0.867 0.0275 0.001)
(0.884 0.0275 0.001)
(0.901 0.0275 0.001)
(0.918 0.0275 0.001)
(0.935 0.0275 0.001)
(0.952 0.0275 0.001)
(0.969 0.0275 0.001)
(0.986 0.0275 0.001)
(1.003 0.0275 0.001)
(1.02 0.0275 0.001)
(1.037 0.0275 0.001)
(1.054 0.0275 0.001)
(1.071 0.0275 0.001)
(1.088 0.0275 0.001)
(1.105 0.0275 0.001)
(1.122 0.0275 0.001)
(1.139 0.0275 0.001)
(1.156 0.0275 0.001)
(1.173 0.0275 0.001)
(1.19 0.0275 0.001)
(1.207 0.0275 0.001)
(1.224 0.0275 0.001)
(1.241 0.0275 0.001)
(1.258 0.0275 0.001)
(1.275 0.0275 0.001)
(1.292 0.0275 0.001)
(1.309 0.0275 0.001)
(1.326 0.0275 0.001)
(1.343 0.0275 0.001)
(1.36 0.0275 0.001)
(1.377 0.0275 0.001)
(1.394 0.0275 0.001)
(1.411 0.0275 0.001)
(1.428 0.0275 0.001)
(1.445 0.0275 0.001)
(1.462 0.0275 0.001)
(1.479 0.0275 0.001)
(1.496 0.0275 0.001)
(1.513 0.0275 0.001)
(1.53 0.0275 0.001)
(1.547 0.0275 0.001)
(1.564 0.0275 0.001)
(1.581 0.0275 0.001)
(1.598 0.0275 0.001)
(1.615 0.0275 0.001)
(1.632 0.0275 0.001)
(1.649 0.0275 0.001)
(1.666 0.0275 0.001)
(1.683 0.0275 0.001)
(1.7 0.0275 0.001)
(0 0.03 0.001)
(0.017 0.03 0.001)
(0.034 0.03 0.001)
(0.051 0.03 0.001)
(0.068 0.03 0.001)
(0.085 0.03 0.001)
(0.102 0.03 0.001)
(0.119 0.03 0.001)
(0.136 0.03 0.001)
(0.153 0.03 0.001)
(0.17 0.03 0.001)
(0.187 0.03 0.001)
(0.204 0.03 0.001)
(0.221 0.03 0.001)
(0.238 0.03 0.001)
(0.255 0.03 0.001)
(0.272 0.03 0.001)
(0.289 0.03 0.001)
(0.306 0.03 0.001)
(0.323 0.03 0.001)
(0.34 0.03 0.001)
(0.357 0.03 0.001)
(0.374 0.03 0.001)
(0.391 0.03 0.001)
(0.408 0.03 0.001)
(0.425 0.03 0.001)
(0.442 0.03 0.001)
(0.459 0.03 0.001)
(0.476 0.03 0.001)
(0.493 0.03 0.001)
(0.51 0.03 0.001)
(0.527 0.03 0.001)
(0.544 0.03 0.001)
(0.561 0.03 0.001)
(0.578 0.03 0.001)
(0.595 0.03 0.001)
(0.612 0.03 0.001)
(0.629 0.03 0.001)
(0.646 0.03 0.001)
(0.663 0.03 0.001)
(0.68 0.03 0.001)
(0.697 0.03 0.001)
(0.714 0.03 0.001)
(0.731 0.03 0.001)
(0.748 0.03 0.001)
(0.765 0.03 0.001)
(0.782 0.03 0.001)
(0.799 0.03 0.001)
(0.816 0.03 0.001)
(0.833 0.03 0.001)
(0.85 0.03 0.001)
(0.867 0.03 0.001)
(0.884 0.03 0.001)
(0.901 0.03 0.001)
(0.918 0.03 0.001)
(0.935 0.03 0.001)
(0.952 0.03 0.001)
(0.969 0.03 0.001)
(0.986 0.03 0.001)
(1.003 0.03 0.001)
(1.02 0.03 0.001)
(1.037 0.03 0.001)
(1.054 0.03 0.001)
(1.071 0.03 0.001)
(1.088 0.03 0.001)
(1.105 0.03 0.001)
(1.122 0.03 0.001)
(1.139 0.03 0.001)
(1.156 0.03 0.001)
(1.173 0.03 0.001)
(1.19 0.03 0.001)
(1.207 0.03 0.001)
(1.224 0.03 0.001)
(1.241 0.03 0.001)
(1.258 0.03 0.001)
(1.275 0.03 0.001)
(1.292 0.03 0.001)
(1.309 0.03 0.001)
(1.326 0.03 0.001)
(1.343 0.03 0.001)
(1.36 0.03 0.001)
(1.377 0.03 0.001)
(1.394 0.03 0.001)
(1.411 0.03 0.001)
(1.428 0.03 0.001)
(1.445 0.03 0.001)
(1.462 0.03 0.001)
(1.479 0.03 0.001)
(1.496 0.03 0.001)
(1.513 0.03 0.001)
(1.53 0.03 0.001)
(1.547 0.03 0.001)
(1.564 0.03 0.001)
(1.581 0.03 0.001)
(1.598 0.03 0.001)
(1.615 0.03 0.001)
(1.632 0.03 0.001)
(1.649 0.03 0.001)
(1.666 0.03 0.001)
(1.683 0.03 0.001)
(1.7 0.03 0.001)
(0 0.0325 0.001)
(0.017 0.0325 0.001)
(0.034 0.0325 0.001)
(0.051 0.0325 0.001)
(0.068 0.0325 0.001)
(0.085 0.0325 0.001)
(0.102 0.0325 0.001)
(0.119 0.0325 0.001)
(0.136 0.0325 0.001)
(0.153 0.0325 0.001)
(0.17 0.0325 0.001)
(0.187 0.0325 0.001)
(0.204 0.0325 0.001)
(0.221 0.0325 0.001)
(0.238 0.0325 0.001)
(0.255 0.0325 0.001)
(0.272 0.0325 0.001)
(0.289 0.0325 0.001)
(0.306 0.0325 0.001)
(0.323 0.0325 0.001)
(0.34 0.0325 0.001)
(0.357 0.0325 0.001)
(0.374 0.0325 0.001)
(0.391 0.0325 0.001)
(0.408 0.0325 0.001)
(0.425 0.0325 0.001)
(0.442 0.0325 0.001)
(0.459 0.0325 0.001)
(0.476 0.0325 0.001)
(0.493 0.0325 0.001)
(0.51 0.0325 0.001)
(0.527 0.0325 0.001)
(0.544 0.0325 0.001)
(0.561 0.0325 0.001)
(0.578 0.0325 0.001)
(0.595 0.0325 0.001)
(0.612 0.0325 0.001)
(0.629 0.0325 0.001)
(0.646 0.0325 0.001)
(0.663 0.0325 0.001)
(0.68 0.0325 0.001)
(0.697 0.0325 0.001)
(0.714 0.0325 0.001)
(0.731 0.0325 0.001)
(0.748 0.0325 0.001)
(0.765 0.0325 0.001)
(0.782 0.0325 0.001)
(0.799 0.0325 0.001)
(0.816 0.0325 0.001)
(0.833 0.0325 0.001)
(0.85 0.0325 0.001)
(0.867 0.0325 0.001)
(0.884 0.0325 0.001)
(0.901 0.0325 0.001)
(0.918 0.0325 0.001)
(0.935 0.0325 0.001)
(0.952 0.0325 0.001)
(0.969 0.0325 0.001)
(0.986 0.0325 0.001)
(1.003 0.0325 0.001)
(1.02 0.0325 0.001)
(1.037 0.0325 0.001)
(1.054 0.0325 0.001)
(1.071 0.0325 0.001)
(1.088 0.0325 0.001)
(1.105 0.0325 0.001)
(1.122 0.0325 0.001)
(1.139 0.0325 0.001)
(1.156 0.0325 0.001)
(1.173 0.0325 0.001)
(1.19 0.0325 0.001)
(1.207 0.0325 0.001)
(1.224 0.0325 0.001)
(1.241 0.0325 0.001)
(1.258 0.0325 0.001)
(1.275 0.0325 0.001)
(1.292 0.0325 0.001)
(1.309 0.0325 0.001)
(1.326 0.0325 0.001)
(1.343 0.0325 0.001)
(1.36 0.0325 0.001)
(1.377 0.0325 0.001)
(1.394 0.0325 0.001)
(1.411 0.0325 0.001)
(1.428 0.0325 0.001)
(1.445 0.0325 0.001)
(1.462 0.0325 0.001)
(1.479 0.0325 0.001)
(1.496 0.0325 0.001)
(1.513 0.0325 0.001)
(1.53 0.0325 0.001)
(1.547 0.0325 0.001)
(1.564 0.0325 0.001)
(1.581 0.0325 0.001)
(1.598 0.0325 0.001)
(1.615 0.0325 0.001)
(1.632 0.0325 0.001)
(1.649 0.0325 0.001)
(1.666 0.0325 0.001)
(1.683 0.0325 0.001)
(1.7 0.0325 0.001)
(0 0.035 0.001)
(0.017 0.035 0.001)
(0.034 0.035 0.001)
(0.051 0.035 0.001)
(0.068 0.035 0.001)
(0.085 0.035 0.001)
(0.102 0.035 0.001)
(0.119 0.035 0.001)
(0.136 0.035 0.001)
(0.153 0.035 0.001)
(0.17 0.035 0.001)
(0.187 0.035 0.001)
(0.204 0.035 0.001)
(0.221 0.035 0.001)
(0.238 0.035 0.001)
(0.255 0.035 0.001)
(0.272 0.035 0.001)
(0.289 0.035 0.001)
(0.306 0.035 0.001)
(0.323 0.035 0.001)
(0.34 0.035 0.001)
(0.357 0.035 0.001)
(0.374 0.035 0.001)
(0.391 0.035 0.001)
(0.408 0.035 0.001)
(0.425 0.035 0.001)
(0.442 0.035 0.001)
(0.459 0.035 0.001)
(0.476 0.035 0.001)
(0.493 0.035 0.001)
(0.51 0.035 0.001)
(0.527 0.035 0.001)
(0.544 0.035 0.001)
(0.561 0.035 0.001)
(0.578 0.035 0.001)
(0.595 0.035 0.001)
(0.612 0.035 0.001)
(0.629 0.035 0.001)
(0.646 0.035 0.001)
(0.663 0.035 0.001)
(0.68 0.035 0.001)
(0.697 0.035 0.001)
(0.714 0.035 0.001)
(0.731 0.035 0.001)
(0.748 0.035 0.001)
(0.765 0.035 0.001)
(0.782 0.035 0.001)
(0.799 0.035 0.001)
(0.816 0.035 0.001)
(0.833 0.035 0.001)
(0.85 0.035 0.001)
(0.867 0.035 0.001)
(0.884 0.035 0.001)
(0.901 0.035 0.001)
(0.918 0.035 0.001)
(0.935 0.035 0.001)
(0.952 0.035 0.001)
(0.969 0.035 0.001)
(0.986 0.035 0.001)
(1.003 0.035 0.001)
(1.02 0.035 0.001)
(1.037 0.035 0.001)
(1.054 0.035 0.001)
(1.071 0.035 0.001)
(1.088 0.035 0.001)
(1.105 0.035 0.001)
(1.122 0.035 0.001)
(1.139 0.035 0.001)
(1.156 0.035 0.001)
(1.173 0.035 0.001)
(1.19 0.035 0.001)
(1.207 0.035 0.001)
(1.224 0.035 0.001)
(1.241 0.035 0.001)
(1.258 0.035 0.001)
(1.275 0.035 0.001)
(1.292 0.035 0.001)
(1.309 0.035 0.001)
(1.326 0.035 0.001)
(1.343 0.035 0.001)
(1.36 0.035 0.001)
(1.377 0.035 0.001)
(1.394 0.035 0.001)
(1.411 0.035 0.001)
(1.428 0.035 0.001)
(1.445 0.035 0.001)
(1.462 0.035 0.001)
(1.479 0.035 0.001)
(1.496 0.035 0.001)
(1.513 0.035 0.001)
(1.53 0.035 0.001)
(1.547 0.035 0.001)
(1.564 0.035 0.001)
(1.581 0.035 0.001)
(1.598 0.035 0.001)
(1.615 0.035 0.001)
(1.632 0.035 0.001)
(1.649 0.035 0.001)
(1.666 0.035 0.001)
(1.683 0.035 0.001)
(1.7 0.035 0.001)
(0 0.0375 0.001)
(0.017 0.0375 0.001)
(0.034 0.0375 0.001)
(0.051 0.0375 0.001)
(0.068 0.0375 0.001)
(0.085 0.0375 0.001)
(0.102 0.0375 0.001)
(0.119 0.0375 0.001)
(0.136 0.0375 0.001)
(0.153 0.0375 0.001)
(0.17 0.0375 0.001)
(0.187 0.0375 0.001)
(0.204 0.0375 0.001)
(0.221 0.0375 0.001)
(0.238 0.0375 0.001)
(0.255 0.0375 0.001)
(0.272 0.0375 0.001)
(0.289 0.0375 0.001)
(0.306 0.0375 0.001)
(0.323 0.0375 0.001)
(0.34 0.0375 0.001)
(0.357 0.0375 0.001)
(0.374 0.0375 0.001)
(0.391 0.0375 0.001)
(0.408 0.0375 0.001)
(0.425 0.0375 0.001)
(0.442 0.0375 0.001)
(0.459 0.0375 0.001)
(0.476 0.0375 0.001)
(0.493 0.0375 0.001)
(0.51 0.0375 0.001)
(0.527 0.0375 0.001)
(0.544 0.0375 0.001)
(0.561 0.0375 0.001)
(0.578 0.0375 0.001)
(0.595 0.0375 0.001)
(0.612 0.0375 0.001)
(0.629 0.0375 0.001)
(0.646 0.0375 0.001)
(0.663 0.0375 0.001)
(0.68 0.0375 0.001)
(0.697 0.0375 0.001)
(0.714 0.0375 0.001)
(0.731 0.0375 0.001)
(0.748 0.0375 0.001)
(0.765 0.0375 0.001)
(0.782 0.0375 0.001)
(0.799 0.0375 0.001)
(0.816 0.0375 0.001)
(0.833 0.0375 0.001)
(0.85 0.0375 0.001)
(0.867 0.0375 0.001)
(0.884 0.0375 0.001)
(0.901 0.0375 0.001)
(0.918 0.0375 0.001)
(0.935 0.0375 0.001)
(0.952 0.0375 0.001)
(0.969 0.0375 0.001)
(0.986 0.0375 0.001)
(1.003 0.0375 0.001)
(1.02 0.0375 0.001)
(1.037 0.0375 0.001)
(1.054 0.0375 0.001)
(1.071 0.0375 0.001)
(1.088 0.0375 0.001)
(1.105 0.0375 0.001)
(1.122 0.0375 0.001)
(1.139 0.0375 0.001)
(1.156 0.0375 0.001)
(1.173 0.0375 0.001)
(1.19 0.0375 0.001)
(1.207 0.0375 0.001)
(1.224 0.0375 0.001)
(1.241 0.0375 0.001)
(1.258 0.0375 0.001)
(1.275 0.0375 0.001)
(1.292 0.0375 0.001)
(1.309 0.0375 0.001)
(1.326 0.0375 0.001)
(1.343 0.0375 0.001)
(1.36 0.0375 0.001)
(1.377 0.0375 0.001)
(1.394 0.0375 0.001)
(1.411 0.0375 0.001)
(1.428 0.0375 0.001)
(1.445 0.0375 0.001)
(1.462 0.0375 0.001)
(1.479 0.0375 0.001)
(1.496 0.0375 0.001)
(1.513 0.0375 0.001)
(1.53 0.0375 0.001)
(1.547 0.0375 0.001)
(1.564 0.0375 0.001)
(1.581 0.0375 0.001)
(1.598 0.0375 0.001)
(1.615 0.0375 0.001)
(1.632 0.0375 0.001)
(1.649 0.0375 0.001)
(1.666 0.0375 0.001)
(1.683 0.0375 0.001)
(1.7 0.0375 0.001)
(0 0.04 0.001)
(0.017 0.04 0.001)
(0.034 0.04 0.001)
(0.051 0.04 0.001)
(0.068 0.04 0.001)
(0.085 0.04 0.001)
(0.102 0.04 0.001)
(0.119 0.04 0.001)
(0.136 0.04 0.001)
(0.153 0.04 0.001)
(0.17 0.04 0.001)
(0.187 0.04 0.001)
(0.204 0.04 0.001)
(0.221 0.04 0.001)
(0.238 0.04 0.001)
(0.255 0.04 0.001)
(0.272 0.04 0.001)
(0.289 0.04 0.001)
(0.306 0.04 0.001)
(0.323 0.04 0.001)
(0.34 0.04 0.001)
(0.357 0.04 0.001)
(0.374 0.04 0.001)
(0.391 0.04 0.001)
(0.408 0.04 0.001)
(0.425 0.04 0.001)
(0.442 0.04 0.001)
(0.459 0.04 0.001)
(0.476 0.04 0.001)
(0.493 0.04 0.001)
(0.51 0.04 0.001)
(0.527 0.04 0.001)
(0.544 0.04 0.001)
(0.561 0.04 0.001)
(0.578 0.04 0.001)
(0.595 0.04 0.001)
(0.612 0.04 0.001)
(0.629 0.04 0.001)
(0.646 0.04 0.001)
(0.663 0.04 0.001)
(0.68 0.04 0.001)
(0.697 0.04 0.001)
(0.714 0.04 0.001)
(0.731 0.04 0.001)
(0.748 0.04 0.001)
(0.765 0.04 0.001)
(0.782 0.04 0.001)
(0.799 0.04 0.001)
(0.816 0.04 0.001)
(0.833 0.04 0.001)
(0.85 0.04 0.001)
(0.867 0.04 0.001)
(0.884 0.04 0.001)
(0.901 0.04 0.001)
(0.918 0.04 0.001)
(0.935 0.04 0.001)
(0.952 0.04 0.001)
(0.969 0.04 0.001)
(0.986 0.04 0.001)
(1.003 0.04 0.001)
(1.02 0.04 0.001)
(1.037 0.04 0.001)
(1.054 0.04 0.001)
(1.071 0.04 0.001)
(1.088 0.04 0.001)
(1.105 0.04 0.001)
(1.122 0.04 0.001)
(1.139 0.04 0.001)
(1.156 0.04 0.001)
(1.173 0.04 0.001)
(1.19 0.04 0.001)
(1.207 0.04 0.001)
(1.224 0.04 0.001)
(1.241 0.04 0.001)
(1.258 0.04 0.001)
(1.275 0.04 0.001)
(1.292 0.04 0.001)
(1.309 0.04 0.001)
(1.326 0.04 0.001)
(1.343 0.04 0.001)
(1.36 0.04 0.001)
(1.377 0.04 0.001)
(1.394 0.04 0.001)
(1.411 0.04 0.001)
(1.428 0.04 0.001)
(1.445 0.04 0.001)
(1.462 0.04 0.001)
(1.479 0.04 0.001)
(1.496 0.04 0.001)
(1.513 0.04 0.001)
(1.53 0.04 0.001)
(1.547 0.04 0.001)
(1.564 0.04 0.001)
(1.581 0.04 0.001)
(1.598 0.04 0.001)
(1.615 0.04 0.001)
(1.632 0.04 0.001)
(1.649 0.04 0.001)
(1.666 0.04 0.001)
(1.683 0.04 0.001)
(1.7 0.04 0.001)
(0 0.0425 0.001)
(0.017 0.0425 0.001)
(0.034 0.0425 0.001)
(0.051 0.0425 0.001)
(0.068 0.0425 0.001)
(0.085 0.0425 0.001)
(0.102 0.0425 0.001)
(0.119 0.0425 0.001)
(0.136 0.0425 0.001)
(0.153 0.0425 0.001)
(0.17 0.0425 0.001)
(0.187 0.0425 0.001)
(0.204 0.0425 0.001)
(0.221 0.0425 0.001)
(0.238 0.0425 0.001)
(0.255 0.0425 0.001)
(0.272 0.0425 0.001)
(0.289 0.0425 0.001)
(0.306 0.0425 0.001)
(0.323 0.0425 0.001)
(0.34 0.0425 0.001)
(0.357 0.0425 0.001)
(0.374 0.0425 0.001)
(0.391 0.0425 0.001)
(0.408 0.0425 0.001)
(0.425 0.0425 0.001)
(0.442 0.0425 0.001)
(0.459 0.0425 0.001)
(0.476 0.0425 0.001)
(0.493 0.0425 0.001)
(0.51 0.0425 0.001)
(0.527 0.0425 0.001)
(0.544 0.0425 0.001)
(0.561 0.0425 0.001)
(0.578 0.0425 0.001)
(0.595 0.0425 0.001)
(0.612 0.0425 0.001)
(0.629 0.0425 0.001)
(0.646 0.0425 0.001)
(0.663 0.0425 0.001)
(0.68 0.0425 0.001)
(0.697 0.0425 0.001)
(0.714 0.0425 0.001)
(0.731 0.0425 0.001)
(0.748 0.0425 0.001)
(0.765 0.0425 0.001)
(0.782 0.0425 0.001)
(0.799 0.0425 0.001)
(0.816 0.0425 0.001)
(0.833 0.0425 0.001)
(0.85 0.0425 0.001)
(0.867 0.0425 0.001)
(0.884 0.0425 0.001)
(0.901 0.0425 0.001)
(0.918 0.0425 0.001)
(0.935 0.0425 0.001)
(0.952 0.0425 0.001)
(0.969 0.0425 0.001)
(0.986 0.0425 0.001)
(1.003 0.0425 0.001)
(1.02 0.0425 0.001)
(1.037 0.0425 0.001)
(1.054 0.0425 0.001)
(1.071 0.0425 0.001)
(1.088 0.0425 0.001)
(1.105 0.0425 0.001)
(1.122 0.0425 0.001)
(1.139 0.0425 0.001)
(1.156 0.0425 0.001)
(1.173 0.0425 0.001)
(1.19 0.0425 0.001)
(1.207 0.0425 0.001)
(1.224 0.0425 0.001)
(1.241 0.0425 0.001)
(1.258 0.0425 0.001)
(1.275 0.0425 0.001)
(1.292 0.0425 0.001)
(1.309 0.0425 0.001)
(1.326 0.0425 0.001)
(1.343 0.0425 0.001)
(1.36 0.0425 0.001)
(1.377 0.0425 0.001)
(1.394 0.0425 0.001)
(1.411 0.0425 0.001)
(1.428 0.0425 0.001)
(1.445 0.0425 0.001)
(1.462 0.0425 0.001)
(1.479 0.0425 0.001)
(1.496 0.0425 0.001)
(1.513 0.0425 0.001)
(1.53 0.0425 0.001)
(1.547 0.0425 0.001)
(1.564 0.0425 0.001)
(1.581 0.0425 0.001)
(1.598 0.0425 0.001)
(1.615 0.0425 0.001)
(1.632 0.0425 0.001)
(1.649 0.0425 0.001)
(1.666 0.0425 0.001)
(1.683 0.0425 0.001)
(1.7 0.0425 0.001)
(0 0.045 0.001)
(0.017 0.045 0.001)
(0.034 0.045 0.001)
(0.051 0.045 0.001)
(0.068 0.045 0.001)
(0.085 0.045 0.001)
(0.102 0.045 0.001)
(0.119 0.045 0.001)
(0.136 0.045 0.001)
(0.153 0.045 0.001)
(0.17 0.045 0.001)
(0.187 0.045 0.001)
(0.204 0.045 0.001)
(0.221 0.045 0.001)
(0.238 0.045 0.001)
(0.255 0.045 0.001)
(0.272 0.045 0.001)
(0.289 0.045 0.001)
(0.306 0.045 0.001)
(0.323 0.045 0.001)
(0.34 0.045 0.001)
(0.357 0.045 0.001)
(0.374 0.045 0.001)
(0.391 0.045 0.001)
(0.408 0.045 0.001)
(0.425 0.045 0.001)
(0.442 0.045 0.001)
(0.459 0.045 0.001)
(0.476 0.045 0.001)
(0.493 0.045 0.001)
(0.51 0.045 0.001)
(0.527 0.045 0.001)
(0.544 0.045 0.001)
(0.561 0.045 0.001)
(0.578 0.045 0.001)
(0.595 0.045 0.001)
(0.612 0.045 0.001)
(0.629 0.045 0.001)
(0.646 0.045 0.001)
(0.663 0.045 0.001)
(0.68 0.045 0.001)
(0.697 0.045 0.001)
(0.714 0.045 0.001)
(0.731 0.045 0.001)
(0.748 0.045 0.001)
(0.765 0.045 0.001)
(0.782 0.045 0.001)
(0.799 0.045 0.001)
(0.816 0.045 0.001)
(0.833 0.045 0.001)
(0.85 0.045 0.001)
(0.867 0.045 0.001)
(0.884 0.045 0.001)
(0.901 0.045 0.001)
(0.918 0.045 0.001)
(0.935 0.045 0.001)
(0.952 0.045 0.001)
(0.969 0.045 0.001)
(0.986 0.045 0.001)
(1.003 0.045 0.001)
(1.02 0.045 0.001)
(1.037 0.045 0.001)
(1.054 0.045 0.001)
(1.071 0.045 0.001)
(1.088 0.045 0.001)
(1.105 0.045 0.001)
(1.122 0.045 0.001)
(1.139 0.045 0.001)
(1.156 0.045 0.001)
(1.173 0.045 0.001)
(1.19 0.045 0.001)
(1.207 0.045 0.001)
(1.224 0.045 0.001)
(1.241 0.045 0.001)
(1.258 0.045 0.001)
(1.275 0.045 0.001)
(1.292 0.045 0.001)
(1.309 0.045 0.001)
(1.326 0.045 0.001)
(1.343 0.045 0.001)
(1.36 0.045 0.001)
(1.377 0.045 0.001)
(1.394 0.045 0.001)
(1.411 0.045 0.001)
(1.428 0.045 0.001)
(1.445 0.045 0.001)
(1.462 0.045 0.001)
(1.479 0.045 0.001)
(1.496 0.045 0.001)
(1.513 0.045 0.001)
(1.53 0.045 0.001)
(1.547 0.045 0.001)
(1.564 0.045 0.001)
(1.581 0.045 0.001)
(1.598 0.045 0.001)
(1.615 0.045 0.001)
(1.632 0.045 0.001)
(1.649 0.045 0.001)
(1.666 0.045 0.001)
(1.683 0.045 0.001)
(1.7 0.045 0.001)
(0 0.0475 0.001)
(0.017 0.0475 0.001)
(0.034 0.0475 0.001)
(0.051 0.0475 0.001)
(0.068 0.0475 0.001)
(0.085 0.0475 0.001)
(0.102 0.0475 0.001)
(0.119 0.0475 0.001)
(0.136 0.0475 0.001)
(0.153 0.0475 0.001)
(0.17 0.0475 0.001)
(0.187 0.0475 0.001)
(0.204 0.0475 0.001)
(0.221 0.0475 0.001)
(0.238 0.0475 0.001)
(0.255 0.0475 0.001)
(0.272 0.0475 0.001)
(0.289 0.0475 0.001)
(0.306 0.0475 0.001)
(0.323 0.0475 0.001)
(0.34 0.0475 0.001)
(0.357 0.0475 0.001)
(0.374 0.0475 0.001)
(0.391 0.0475 0.001)
(0.408 0.0475 0.001)
(0.425 0.0475 0.001)
(0.442 0.0475 0.001)
(0.459 0.0475 0.001)
(0.476 0.0475 0.001)
(0.493 0.0475 0.001)
(0.51 0.0475 0.001)
(0.527 0.0475 0.001)
(0.544 0.0475 0.001)
(0.561 0.0475 0.001)
(0.578 0.0475 0.001)
(0.595 0.0475 0.001)
(0.612 0.0475 0.001)
(0.629 0.0475 0.001)
(0.646 0.0475 0.001)
(0.663 0.0475 0.001)
(0.68 0.0475 0.001)
(0.697 0.0475 0.001)
(0.714 0.0475 0.001)
(0.731 0.0475 0.001)
(0.748 0.0475 0.001)
(0.765 0.0475 0.001)
(0.782 0.0475 0.001)
(0.799 0.0475 0.001)
(0.816 0.0475 0.001)
(0.833 0.0475 0.001)
(0.85 0.0475 0.001)
(0.867 0.0475 0.001)
(0.884 0.0475 0.001)
(0.901 0.0475 0.001)
(0.918 0.0475 0.001)
(0.935 0.0475 0.001)
(0.952 0.0475 0.001)
(0.969 0.0475 0.001)
(0.986 0.0475 0.001)
(1.003 0.0475 0.001)
(1.02 0.0475 0.001)
(1.037 0.0475 0.001)
(1.054 0.0475 0.001)
(1.071 0.0475 0.001)
(1.088 0.0475 0.001)
(1.105 0.0475 0.001)
(1.122 0.0475 0.001)
(1.139 0.0475 0.001)
(1.156 0.0475 0.001)
(1.173 0.0475 0.001)
(1.19 0.0475 0.001)
(1.207 0.0475 0.001)
(1.224 0.0475 0.001)
(1.241 0.0475 0.001)
(1.258 0.0475 0.001)
(1.275 0.0475 0.001)
(1.292 0.0475 0.001)
(1.309 0.0475 0.001)
(1.326 0.0475 0.001)
(1.343 0.0475 0.001)
(1.36 0.0475 0.001)
(1.377 0.0475 0.001)
(1.394 0.0475 0.001)
(1.411 0.0475 0.001)
(1.428 0.0475 0.001)
(1.445 0.0475 0.001)
(1.462 0.0475 0.001)
(1.479 0.0475 0.001)
(1.496 0.0475 0.001)
(1.513 0.0475 0.001)
(1.53 0.0475 0.001)
(1.547 0.0475 0.001)
(1.564 0.0475 0.001)
(1.581 0.0475 0.001)
(1.598 0.0475 0.001)
(1.615 0.0475 0.001)
(1.632 0.0475 0.001)
(1.649 0.0475 0.001)
(1.666 0.0475 0.001)
(1.683 0.0475 0.001)
(1.7 0.0475 0.001)
(0 0.05 0.001)
(0.017 0.05 0.001)
(0.034 0.05 0.001)
(0.051 0.05 0.001)
(0.068 0.05 0.001)
(0.085 0.05 0.001)
(0.102 0.05 0.001)
(0.119 0.05 0.001)
(0.136 0.05 0.001)
(0.153 0.05 0.001)
(0.17 0.05 0.001)
(0.187 0.05 0.001)
(0.204 0.05 0.001)
(0.221 0.05 0.001)
(0.238 0.05 0.001)
(0.255 0.05 0.001)
(0.272 0.05 0.001)
(0.289 0.05 0.001)
(0.306 0.05 0.001)
(0.323 0.05 0.001)
(0.34 0.05 0.001)
(0.357 0.05 0.001)
(0.374 0.05 0.001)
(0.391 0.05 0.001)
(0.408 0.05 0.001)
(0.425 0.05 0.001)
(0.442 0.05 0.001)
(0.459 0.05 0.001)
(0.476 0.05 0.001)
(0.493 0.05 0.001)
(0.51 0.05 0.001)
(0.527 0.05 0.001)
(0.544 0.05 0.001)
(0.561 0.05 0.001)
(0.578 0.05 0.001)
(0.595 0.05 0.001)
(0.612 0.05 0.001)
(0.629 0.05 0.001)
(0.646 0.05 0.001)
(0.663 0.05 0.001)
(0.68 0.05 0.001)
(0.697 0.05 0.001)
(0.714 0.05 0.001)
(0.731 0.05 0.001)
(0.748 0.05 0.001)
(0.765 0.05 0.001)
(0.782 0.05 0.001)
(0.799 0.05 0.001)
(0.816 0.05 0.001)
(0.833 0.05 0.001)
(0.85 0.05 0.001)
(0.867 0.05 0.001)
(0.884 0.05 0.001)
(0.901 0.05 0.001)
(0.918 0.05 0.001)
(0.935 0.05 0.001)
(0.952 0.05 0.001)
(0.969 0.05 0.001)
(0.986 0.05 0.001)
(1.003 0.05 0.001)
(1.02 0.05 0.001)
(1.037 0.05 0.001)
(1.054 0.05 0.001)
(1.071 0.05 0.001)
(1.088 0.05 0.001)
(1.105 0.05 0.001)
(1.122 0.05 0.001)
(1.139 0.05 0.001)
(1.156 0.05 0.001)
(1.173 0.05 0.001)
(1.19 0.05 0.001)
(1.207 0.05 0.001)
(1.224 0.05 0.001)
(1.241 0.05 0.001)
(1.258 0.05 0.001)
(1.275 0.05 0.001)
(1.292 0.05 0.001)
(1.309 0.05 0.001)
(1.326 0.05 0.001)
(1.343 0.05 0.001)
(1.36 0.05 0.001)
(1.377 0.05 0.001)
(1.394 0.05 0.001)
(1.411 0.05 0.001)
(1.428 0.05 0.001)
(1.445 0.05 0.001)
(1.462 0.05 0.001)
(1.479 0.05 0.001)
(1.496 0.05 0.001)
(1.513 0.05 0.001)
(1.53 0.05 0.001)
(1.547 0.05 0.001)
(1.564 0.05 0.001)
(1.581 0.05 0.001)
(1.598 0.05 0.001)
(1.615 0.05 0.001)
(1.632 0.05 0.001)
(1.649 0.05 0.001)
(1.666 0.05 0.001)
(1.683 0.05 0.001)
(1.7 0.05 0.001)
)


// ************************************************************************* //
